,DUID,BIDTYPE,CAPACITYBAND,BID,INDEX,PRICE,DISPATCHED
0,APD01,RAISE5MIN,BANDAVAIL1,10,0,0.0,3.0
1,APD01,RAISE60SEC,BANDAVAIL1,10,1,0.0,3.0
2,APD01,RAISE6SEC,BANDAVAIL1,10,2,0.0,2.0
3,BDL02,ENERGY,BANDAVAIL1,43,3,-1017.47,32.16
4,BLOWERNG,ENERGY,BANDAVAIL1,80,4,-981.5,72.0
5,BOCORWF1,ENERGY,BANDAVAIL1,113,5,-973.88,0.02
6,BROKENH1,ENERGY,BANDAVAIL1,53,6,-1122.0,11.038
7,BW01,ENERGY,BANDAVAIL1,300,7,-959.0,300.0
8,BW01,LOWER5MIN,BANDAVAIL1,3,8,0.01,3.0
9,BW01,LOWER60SEC,BANDAVAIL1,3,9,0.01,3.0
10,BW01,LOWER6SEC,BANDAVAIL1,3,10,0.01,3.0
11,BW01,LOWERREG,BANDAVAIL1,5,11,0.01,5.0
12,BW01,RAISE5MIN,BANDAVAIL1,16,12,0.01,16.0
13,BW01,RAISE60SEC,BANDAVAIL1,13,13,0.01,13.0
14,BW01,RAISE6SEC,BANDAVAIL1,13,14,0.01,13.0
15,BW01,RAISEREG,BANDAVAIL1,8,15,7.4,8.0
16,BW02,ENERGY,BANDAVAIL1,300,16,-959.0,300.0
17,BW02,LOWER5MIN,BANDAVAIL1,3,17,0.01,3.0
18,BW02,LOWER60SEC,BANDAVAIL1,3,18,0.01,3.0
19,BW02,LOWER6SEC,BANDAVAIL1,3,19,0.01,3.0
20,BW02,LOWERREG,BANDAVAIL1,5,20,0.01,5.0
21,BW02,RAISE5MIN,BANDAVAIL1,16,21,0.01,16.0
22,BW02,RAISE60SEC,BANDAVAIL1,13,22,0.01,13.0
23,BW02,RAISE6SEC,BANDAVAIL1,13,23,0.01,13.0
24,BW02,RAISEREG,BANDAVAIL1,8,24,7.4,5.69909
25,BW03,ENERGY,BANDAVAIL1,340,25,-960.3,340.0
26,BW03,LOWER5MIN,BANDAVAIL1,3,26,0.01,3.0
27,BW03,LOWER60SEC,BANDAVAIL1,3,27,0.01,3.0
28,BW03,LOWER6SEC,BANDAVAIL1,3,28,0.01,3.0
29,BW03,LOWERREG,BANDAVAIL1,5,29,0.01,5.0
30,BW03,RAISE5MIN,BANDAVAIL1,16,30,0.01,16.0
31,BW03,RAISE60SEC,BANDAVAIL1,13,31,0.01,13.0
32,BW03,RAISE6SEC,BANDAVAIL1,13,32,0.01,13.0
33,BW03,RAISEREG,BANDAVAIL1,8,33,7.4,8.0
34,BW04,ENERGY,BANDAVAIL1,320,34,-960.3,320.0
35,BW04,LOWER5MIN,BANDAVAIL1,3,35,0.01,3.0
36,BW04,LOWER60SEC,BANDAVAIL1,3,36,0.01,3.0
37,BW04,LOWER6SEC,BANDAVAIL1,3,37,0.01,3.0
38,BW04,LOWERREG,BANDAVAIL1,5,38,0.01,5.0
39,BW04,RAISE5MIN,BANDAVAIL1,16,39,0.01,16.0
40,BW04,RAISE60SEC,BANDAVAIL1,13,40,0.01,13.0
41,BW04,RAISE6SEC,BANDAVAIL1,13,41,0.01,13.0
42,BW04,RAISEREG,BANDAVAIL1,8,42,7.4,8.0
43,CALL_B_2,ENERGY,BANDAVAIL1,140,43,-945.6,140.0
44,CLEMGPWF,ENERGY,BANDAVAIL1,57,44,-982.2,37.748
45,CPP_3,ENERGY,BANDAVAIL1,406,45,-941.0,406.0
46,CPP_4,ENERGY,BANDAVAIL1,406,46,-941.0,406.0
47,CPSA,ENERGY,BANDAVAIL1,138,47,-964.0,138.0
48,DARTM1,LOWER60SEC,BANDAVAIL1,1,48,0.0,0.0
49,DARTM1,LOWER6SEC,BANDAVAIL1,1,49,0.0,0.0
50,DDPS1,ENERGY,BANDAVAIL1,360,50,-954.9,360.0
51,EILDON1,LOWER60SEC,BANDAVAIL1,1,51,0.0,0.0
52,EILDON1,LOWER6SEC,BANDAVAIL1,1,52,0.0,0.0
53,EILDON1,RAISEREG,BANDAVAIL1,1,53,0.0,1.0
54,EILDON2,LOWER60SEC,BANDAVAIL1,1,54,0.0,0.0
55,EILDON2,LOWER6SEC,BANDAVAIL1,1,55,0.0,0.0
56,EILDON2,RAISEREG,BANDAVAIL1,1,56,0.0,1.0
57,ER01,ENERGY,BANDAVAIL1,210,57,-982.9,210.0
58,ER01,LOWER5MIN,BANDAVAIL1,16,58,0.01,16.0
59,ER01,LOWER60SEC,BANDAVAIL1,12,59,0.01,12.0
60,ER01,LOWER6SEC,BANDAVAIL1,7,60,0.01,7.0
61,ER01,LOWERREG,BANDAVAIL1,4,61,0.01,4.0
62,ER01,RAISE5MIN,BANDAVAIL1,16,62,0.01,0.0
63,ER01,RAISE60SEC,BANDAVAIL1,10,63,0.01,0.0
64,ER01,RAISE6SEC,BANDAVAIL1,11,64,0.01,0.0
65,ER01,RAISEREG,BANDAVAIL1,4,65,0.01,0.0
66,ER02,ENERGY,BANDAVAIL1,210,66,-982.9,210.0
67,ER03,ENERGY,BANDAVAIL1,210,67,-984.6,210.0
68,ER03,LOWER5MIN,BANDAVAIL1,16,68,0.01,16.0
69,ER03,LOWER60SEC,BANDAVAIL1,12,69,0.01,12.0
70,ER03,LOWER6SEC,BANDAVAIL1,7,70,0.01,7.0
71,ER03,LOWERREG,BANDAVAIL1,4,71,0.01,4.0
72,ER03,RAISE5MIN,BANDAVAIL1,16,72,0.01,0.0
73,ER03,RAISE60SEC,BANDAVAIL1,10,73,0.01,-5.1870541e-14
74,ER03,RAISE6SEC,BANDAVAIL1,11,74,0.01,0.0
75,ER03,RAISEREG,BANDAVAIL1,4,75,0.01,0.0
76,ER04,ENERGY,BANDAVAIL1,210,76,-984.6,210.0
77,GSTONE1,ENERGY,BANDAVAIL1,110,77,-966.2,110.0
78,GSTONE1,LOWER6SEC,BANDAVAIL1,5,78,0.45,0.0
79,GSTONE1,RAISE60SEC,BANDAVAIL1,3,79,0.74,3.0
80,GSTONE1,RAISE6SEC,BANDAVAIL1,3,80,0.74,3.0
81,GSTONE1,RAISEREG,BANDAVAIL1,5,81,0.77,5.0
82,GSTONE2,ENERGY,BANDAVAIL1,110,82,-966.2,110.0
83,GSTONE3,ENERGY,BANDAVAIL1,110,83,-960.3,110.0
84,GSTONE5,ENERGY,BANDAVAIL1,200,84,-966.2,200.0
85,GSTONE5,LOWER6SEC,BANDAVAIL1,5,85,0.45,0.0
86,GSTONE5,RAISE60SEC,BANDAVAIL1,3,86,0.45,3.0
87,GSTONE5,RAISE6SEC,BANDAVAIL1,3,87,0.74,3.0
88,GSTONE5,RAISEREG,BANDAVAIL1,5,88,0.77,5.0
89,GSTONE6,ENERGY,BANDAVAIL1,110,89,-966.2,110.0
90,GSTONE6,LOWER6SEC,BANDAVAIL1,5,90,0.45,0.0
91,GSTONE6,RAISE60SEC,BANDAVAIL1,3,91,0.45,3.0
92,GSTONE6,RAISE6SEC,BANDAVAIL1,3,92,0.74,3.0
93,GSTONE6,RAISEREG,BANDAVAIL1,5,93,0.77,5.0
94,HALLWF2,ENERGY,BANDAVAIL1,71,94,-987.1,37.506
95,HUMENSW,ENERGY,BANDAVAIL1,70,95,-1000.0,39.0
96,HWPS1,ENERGY,BANDAVAIL1,220,96,-970.1,170.0
97,HWPS2,ENERGY,BANDAVAIL1,220,97,-970.1,180.0
98,HWPS3,ENERGY,BANDAVAIL1,220,98,-970.1,180.0
99,HWPS5,ENERGY,BANDAVAIL1,220,99,-970.1,175.0
100,HWPS6,ENERGY,BANDAVAIL1,220,100,-970.1,175.0
101,HWPS7,ENERGY,BANDAVAIL1,220,101,-970.1,195.0
102,HWPS8,ENERGY,BANDAVAIL1,220,102,-970.1,170.0
103,JBUTTERS,LOWERREG,BANDAVAIL1,10,103,0.1,0.0
104,KAREEYA3,ENERGY,BANDAVAIL1,5,104,-1049.5,5.0
105,KPP_1,ENERGY,BANDAVAIL1,300,105,-958.8,300.0
106,LD01,ENERGY,BANDAVAIL1,220,106,-959.3,220.0
107,LD01,LOWER60SEC,BANDAVAIL1,1,107,0.04,0.0
108,LD01,LOWER6SEC,BANDAVAIL1,1,108,0.04,0.0
109,LD01,LOWERREG,BANDAVAIL1,1,109,0.01,1.0
110,LD01,RAISE60SEC,BANDAVAIL1,2,110,0.01,2.0
111,LD01,RAISE6SEC,BANDAVAIL1,2,111,0.01,2.0
112,LD01,RAISEREG,BANDAVAIL1,1,112,0.01,1.0
113,LD02,ENERGY,BANDAVAIL1,220,113,-959.3,220.0
114,LD02,LOWER60SEC,BANDAVAIL1,1,114,0.04,0.0
115,LD02,LOWER6SEC,BANDAVAIL1,1,115,0.04,0.0
116,LD02,LOWERREG,BANDAVAIL1,1,116,0.01,1.0
117,LD02,RAISE60SEC,BANDAVAIL1,2,117,0.01,2.0
118,LD02,RAISE6SEC,BANDAVAIL1,2,118,0.01,2.0
119,LD02,RAISEREG,BANDAVAIL1,1,119,0.01,1.0
120,LD03,ENERGY,BANDAVAIL1,220,120,-959.3,220.0
121,LD03,LOWER60SEC,BANDAVAIL1,1,121,0.04,0.0
122,LD03,LOWER6SEC,BANDAVAIL1,1,122,0.04,0.0
123,LD03,LOWERREG,BANDAVAIL1,1,123,0.01,0.5
124,LD03,RAISE60SEC,BANDAVAIL1,2,124,0.01,2.0
125,LD03,RAISE6SEC,BANDAVAIL1,2,125,0.01,2.0
126,LD03,RAISEREG,BANDAVAIL1,1,126,0.01,1.0
127,LD04,ENERGY,BANDAVAIL1,220,127,-959.3,220.0
128,LD04,LOWER60SEC,BANDAVAIL1,1,128,0.04,0.0
129,LD04,LOWER6SEC,BANDAVAIL1,1,129,0.04,0.0
130,LD04,LOWERREG,BANDAVAIL1,1,130,0.01,0.5
131,LD04,RAISE60SEC,BANDAVAIL1,2,131,0.01,2.0
132,LD04,RAISE6SEC,BANDAVAIL1,2,132,0.01,2.0
133,LD04,RAISEREG,BANDAVAIL1,1,133,0.01,1.0
134,LI_WY_CA,ENERGY,BANDAVAIL1,46,134,-1002.78,46.0
135,LOYYB1,ENERGY,BANDAVAIL1,300,135,-972.3,300.0
136,LOYYB2,ENERGY,BANDAVAIL1,300,136,-972.3,300.0
137,LYA1,ENERGY,BANDAVAIL1,300,137,-972.3,300.0
138,LYA1,RAISEREG,BANDAVAIL1,5,138,7.2,0.0
139,LYA2,ENERGY,BANDAVAIL1,300,139,-972.3,300.0
140,LYA2,RAISEREG,BANDAVAIL1,5,140,7.2,0.0
141,LYA3,ENERGY,BANDAVAIL1,450,141,-972.3,450.0
142,LYA3,RAISEREG,BANDAVAIL1,5,142,7.2,0.0
143,LYA4,ENERGY,BANDAVAIL1,300,143,-972.3,300.0
144,LYA4,RAISEREG,BANDAVAIL1,5,144,7.2,0.0
145,MACKAYGT,RAISE5MIN,BANDAVAIL1,13,145,0.0,13.0
146,MCKAY1,LOWER60SEC,BANDAVAIL1,1,146,0.0,0.0
147,MCKAY1,LOWER6SEC,BANDAVAIL1,1,147,0.0,0.0
148,MEADOWBK,ENERGY,BANDAVAIL1,6,148,-975.6,6.0
149,MERCER01,ENERGY,BANDAVAIL1,131,149,-1000.0,0.023
150,MOREESF1,ENERGY,BANDAVAIL1,56,150,-937.65,13.174
151,MP1,ENERGY,BANDAVAIL1,280,151,-975.3,280.0
152,MP1,LOWER5MIN,BANDAVAIL1,10,152,0.07,0.0
153,MP1,LOWER60SEC,BANDAVAIL1,20,153,0.07,0.0
154,MP1,LOWER6SEC,BANDAVAIL1,20,154,0.03,0.0
155,MP2,ENERGY,BANDAVAIL1,280,155,-975.3,280.0
156,MP2,LOWER5MIN,BANDAVAIL1,10,156,0.07,0.0
157,MP2,LOWER60SEC,BANDAVAIL1,20,157,0.07,0.0
158,MP2,LOWER6SEC,BANDAVAIL1,20,158,0.03,0.0
159,MPP_1,ENERGY,BANDAVAIL1,320,159,-964.2,320.0
160,MPP_2,ENERGY,BANDAVAIL1,320,160,-964.2,320.0
161,MUSSELR1,ENERGY,BANDAVAIL1,168,161,-903.9,115.406
162,NYNGAN1,ENERGY,BANDAVAIL1,102,162,-986.94,24.945
163,OSB-AG,ENERGY,BANDAVAIL1,145,163,-999.4,145.0
164,SITHE01,ENERGY,BANDAVAIL1,175,164,-1000.0,160.0
165,SNOWNTH1,ENERGY,BANDAVAIL1,144,165,-988.8,35.002
166,SNOWSTH1,ENERGY,BANDAVAIL1,126,166,-988.8,77.985
167,SNOWTWN1,ENERGY,BANDAVAIL1,99,167,-928.9,61.092
168,SNOWYGJP,RAISE5MIN,BANDAVAIL1,70,168,0.0,35.0
169,SNOWYGJP,RAISE60SEC,BANDAVAIL1,140,169,0.0,70.0
170,SNOWYGJP,RAISE6SEC,BANDAVAIL1,93,170,0.0,50.0
171,STAN-1,ENERGY,BANDAVAIL1,220,171,-956.1,220.0
172,STAN-1,RAISE60SEC,BANDAVAIL1,10,172,0.0,10.0
173,STAN-1,RAISE6SEC,BANDAVAIL1,10,173,0.0,10.0
174,STAN-2,ENERGY,BANDAVAIL1,180,174,-956.1,180.0
175,STAN-3,ENERGY,BANDAVAIL1,360,175,-956.1,360.0
176,STAN-4,RAISE60SEC,BANDAVAIL1,10,176,0.0,10.0
177,STAN-4,RAISE6SEC,BANDAVAIL1,10,177,0.0,10.0
178,STAN-4,ENERGY,BANDAVAIL1,220,178,-956.1,220.0
179,TALWA1,ENERGY,BANDAVAIL1,190,179,-995.7,190.0
180,TARALGA1,ENERGY,BANDAVAIL1,106,180,-988.04,3.866
181,TARONG#1,ENERGY,BANDAVAIL1,140,181,-968.6,140.0
182,TARONG#2,ENERGY,BANDAVAIL1,185,182,-968.6,185.0
183,TARONG#2,RAISE5MIN,BANDAVAIL1,15,183,0.0,15.0
184,TARONG#2,RAISE60SEC,BANDAVAIL1,10,184,0.0,10.0
185,TARONG#2,RAISE6SEC,BANDAVAIL1,10,185,0.0,10.0
186,TARONG#3,ENERGY,BANDAVAIL1,140,186,-968.6,140.0
187,TARONG#3,RAISE5MIN,BANDAVAIL1,15,187,0.0,15.0
188,TARONG#3,RAISE60SEC,BANDAVAIL1,10,188,0.0,10.0
189,TARONG#3,RAISE6SEC,BANDAVAIL1,10,189,0.0,10.0
190,TARONG#4,ENERGY,BANDAVAIL1,140,190,-968.6,140.0
191,TARRALEA,ENERGY,BANDAVAIL1,69,191,-945.26,69.0
192,TNPS1,ENERGY,BANDAVAIL1,250,192,-967.8,250.0
193,TORRA1,ENERGY,BANDAVAIL1,45,193,-1001.4,45.0
194,TORRB2,ENERGY,BANDAVAIL1,60,194,-1001.4,60.0
195,TORRB2,LOWER6SEC,BANDAVAIL1,10,195,0.04,0.0
196,TORRB2,RAISE60SEC,BANDAVAIL1,10,196,0.04,10.0
197,TORRB3,ENERGY,BANDAVAIL1,60,197,-1001.4,60.0
198,TORRB3,LOWER6SEC,BANDAVAIL1,10,198,0.04,0.0
199,TORRB3,RAISE60SEC,BANDAVAIL1,10,199,0.04,10.0
200,TORRB4,ENERGY,BANDAVAIL1,60,200,-1001.4,60.0
201,TORRB4,LOWER6SEC,BANDAVAIL1,10,201,0.04,0.0
202,TORRB4,RAISE60SEC,BANDAVAIL1,10,202,0.04,10.0
203,TUMUT3,RAISE5MIN,BANDAVAIL1,120,203,0.0,120.0
204,TVCC201,ENERGY,BANDAVAIL1,201,204,-999.92,201.0
205,BLUFF1,ENERGY,BANDAVAIL1,53,205,-986.3,6.895
206,CALL_B_1,ENERGY,BANDAVAIL1,140,206,-945.6,140.0
207,PPCCGT,ENERGY,BANDAVAIL1,160,207,-1000.9,160.0
208,HALLWF1,ENERGY,BANDAVAIL1,95,208,-990.0,50.689
209,NBHWF1,ENERGY,BANDAVAIL1,132,209,-986.3,91.328
210,UPPTUMUT,LOWER5MIN,BANDAVAIL1,20,210,0.0,20.0
211,UPPTUMUT,LOWERREG,BANDAVAIL1,20,211,0.0,20.0
212,UPPTUMUT,RAISE5MIN,BANDAVAIL1,6,212,0.0,6.0
213,UPPTUMUT,RAISEREG,BANDAVAIL1,6,213,0.0,6.0
214,VP5,ENERGY,BANDAVAIL1,430,214,-985.3,430.0
215,VP5,LOWER5MIN,BANDAVAIL1,2,215,1.0,0.0
216,VP5,RAISE5MIN,BANDAVAIL1,5,216,1.0,5.0
217,VP5,RAISE60SEC,BANDAVAIL1,5,217,1.0,0.0
218,VP5,RAISE6SEC,BANDAVAIL1,5,218,1.0,5.0
219,VP6,ENERGY,BANDAVAIL1,250,219,-985.3,250.0
220,VP6,LOWER5MIN,BANDAVAIL1,2,220,1.0,0.0
221,VP6,RAISE5MIN,BANDAVAIL1,5,221,1.0,5.0
222,VP6,RAISE60SEC,BANDAVAIL1,5,222,1.0,0.0
223,VP6,RAISE6SEC,BANDAVAIL1,5,223,1.0,5.0
224,W/HOE#1,RAISE5MIN,BANDAVAIL1,110,224,0.77,110.0
225,WOODLWN1,ENERGY,BANDAVAIL1,48,225,-993.1,2.818
226,YARWUN_1,ENERGY,BANDAVAIL1,165,226,-959.3,153.48999
227,YWPS1,ENERGY,BANDAVAIL1,320,227,-954.1,320.0
228,YWPS1,LOWER5MIN,BANDAVAIL1,10,228,0.08,0.0
229,YWPS1,LOWER60SEC,BANDAVAIL1,10,229,0.08,0.0
230,YWPS1,LOWER6SEC,BANDAVAIL1,10,230,0.03,0.0
231,YWPS2,ENERGY,BANDAVAIL1,250,231,-950.9,250.0
232,YWPS2,LOWER5MIN,BANDAVAIL1,10,232,0.08,0.0
233,YWPS2,LOWER60SEC,BANDAVAIL1,10,233,0.08,0.0
234,YWPS2,LOWER6SEC,BANDAVAIL1,10,234,0.03,0.0
235,YWPS3,ENERGY,BANDAVAIL1,250,235,-950.9,250.0
236,YWPS4,ENERGY,BANDAVAIL1,250,236,-950.9,250.0
237,YWPS4,LOWER5MIN,BANDAVAIL1,10,237,0.08,0.0
238,YWPS4,LOWER60SEC,BANDAVAIL1,10,238,0.08,0.0
239,YWPS4,LOWER6SEC,BANDAVAIL1,15,239,0.03,0.0
240,ARWF1,ENERGY,BANDAVAIL2,241,240,-80.0,2.717
241,BARRON-1,ENERGY,BANDAVAIL2,33,241,-1.05,33.0
242,BARRON-2,ENERGY,BANDAVAIL2,33,242,-1.05,33.0
243,BW01,LOWER5MIN,BANDAVAIL2,6,243,0.8,0.0
244,BW01,LOWER60SEC,BANDAVAIL2,6,244,0.8,0.0
245,BW01,LOWER6SEC,BANDAVAIL2,6,245,0.8,0.0
246,BW01,LOWERREG,BANDAVAIL2,2,246,0.8,2.0
247,BW01,RAISE5MIN,BANDAVAIL2,4,247,0.8,4.0
248,BW01,RAISE60SEC,BANDAVAIL2,8,248,0.8,0.0
249,BW01,RAISE6SEC,BANDAVAIL2,8,249,0.8,8.0
250,BW01,RAISEREG,BANDAVAIL2,8,250,28.98,0.0
251,BW02,LOWER5MIN,BANDAVAIL2,6,251,0.8,0.0
252,BW02,LOWER60SEC,BANDAVAIL2,6,252,0.8,0.0
253,BW02,LOWER6SEC,BANDAVAIL2,6,253,0.8,0.0
254,BW02,LOWERREG,BANDAVAIL2,2,254,0.8,2.0
255,BW02,RAISE5MIN,BANDAVAIL2,4,255,0.8,4.0
256,BW02,RAISE60SEC,BANDAVAIL2,8,256,0.8,0.0
257,BW02,RAISE6SEC,BANDAVAIL2,8,257,0.8,8.0
258,BW02,RAISEREG,BANDAVAIL2,8,258,28.98,0.0
259,BW03,LOWER5MIN,BANDAVAIL2,6,259,0.8,0.0
260,BW03,LOWER60SEC,BANDAVAIL2,6,260,0.8,0.0
261,BW03,LOWER6SEC,BANDAVAIL2,6,261,0.8,0.0
262,BW03,LOWERREG,BANDAVAIL2,2,262,0.8,2.0
263,BW03,RAISE5MIN,BANDAVAIL2,4,263,0.8,4.0
264,BW03,RAISE60SEC,BANDAVAIL2,8,264,0.8,0.0
265,BW03,RAISE6SEC,BANDAVAIL2,8,265,0.8,8.0
266,BW03,RAISEREG,BANDAVAIL2,8,266,28.98,0.0
267,BW04,LOWER5MIN,BANDAVAIL2,6,267,0.8,0.0
268,BW04,LOWER60SEC,BANDAVAIL2,6,268,0.8,0.0
269,BW04,LOWER6SEC,BANDAVAIL2,6,269,0.8,0.0
270,BW04,LOWERREG,BANDAVAIL2,2,270,0.8,2.0
271,BW04,RAISE5MIN,BANDAVAIL2,4,271,0.8,4.0
272,BW04,RAISE60SEC,BANDAVAIL2,8,272,0.8,0.0
273,BW04,RAISE6SEC,BANDAVAIL2,8,273,0.8,8.0
274,BW04,RAISEREG,BANDAVAIL2,8,274,28.98,0.0
275,CALL_B_2,ENERGY,BANDAVAIL2,110,275,-0.05,110.0
276,ER01,ENERGY,BANDAVAIL2,140,276,30.25,140.0
277,ER02,ENERGY,BANDAVAIL2,140,277,30.25,140.0
278,ER03,ENERGY,BANDAVAIL2,140,278,30.31,140.0
279,ER04,ENERGY,BANDAVAIL2,140,279,30.31,140.0
280,GORDON,ENERGY,BANDAVAIL2,10,280,-72.38,10.0
281,GORDON,LOWER5MIN,BANDAVAIL2,150,281,0.17,0.0
282,GORDON,LOWER6SEC,BANDAVAIL2,32,282,0.12,0.0
283,GSTONE1,LOWER60SEC,BANDAVAIL2,2,283,1.49,0.0
284,GSTONE1,LOWER6SEC,BANDAVAIL2,5,284,1.49,0.0
285,GSTONE1,RAISE60SEC,BANDAVAIL2,3,285,1.79,0.0
286,GSTONE1,RAISE6SEC,BANDAVAIL2,3,286,1.79,0.0
287,GSTONE1,RAISEREG,BANDAVAIL2,10,287,2.75,10.0
288,GSTONE2,ENERGY,BANDAVAIL2,30,288,-0.05,30.0
289,GSTONE5,LOWER60SEC,BANDAVAIL2,2,289,1.49,0.0
290,GSTONE5,LOWER6SEC,BANDAVAIL2,5,290,1.49,0.0
291,GSTONE5,RAISE60SEC,BANDAVAIL2,3,291,1.47,0.0
292,GSTONE5,RAISE6SEC,BANDAVAIL2,3,292,1.79,0.0
293,GSTONE5,RAISEREG,BANDAVAIL2,10,293,2.75,10.0
294,GSTONE6,LOWER60SEC,BANDAVAIL2,2,294,1.49,0.0
295,GSTONE6,LOWER6SEC,BANDAVAIL2,5,295,1.49,0.0
296,GSTONE6,RAISE60SEC,BANDAVAIL2,3,296,1.47,0.0
297,GSTONE6,RAISE6SEC,BANDAVAIL2,3,297,1.79,0.0
298,GSTONE6,RAISEREG,BANDAVAIL2,10,298,2.75,10.0
299,GULLRWF1,ENERGY,BANDAVAIL2,172,299,0.0,1.239
300,HWPS2,ENERGY,BANDAVAIL2,80,300,0.0,0.0
301,HWPS6,ENERGY,BANDAVAIL2,80,301,0.0,0.0
302,JBUTTERS,ENERGY,BANDAVAIL2,10,302,-70.56,10.0
303,JBUTTERS,LOWER5MIN,BANDAVAIL2,144,303,0.17,0.0
304,JBUTTERS,LOWER6SEC,BANDAVAIL2,30,304,0.12,0.0
305,KAREEYA1,ENERGY,BANDAVAIL2,22,305,-1.07,22.0
306,KAREEYA2,ENERGY,BANDAVAIL2,22,306,-1.07,22.0
307,KAREEYA3,ENERGY,BANDAVAIL2,17,307,-1.07,17.0
308,KAREEYA4,ENERGY,BANDAVAIL2,22,308,-1.07,22.0
309,KPP_1,ENERGY,BANDAVAIL2,150,309,-0.05,150.0
310,LD01,ENERGY,BANDAVAIL2,60,310,0.0,60.0
311,LD01,LOWER60SEC,BANDAVAIL2,4,311,0.4,0.0
312,LD01,LOWER6SEC,BANDAVAIL2,4,312,0.4,0.0
313,LD01,RAISE60SEC,BANDAVAIL2,3,313,0.35,3.0
314,LD01,RAISE6SEC,BANDAVAIL2,3,314,0.35,3.0
315,LD02,ENERGY,BANDAVAIL2,60,315,0.0,60.0
316,LD02,LOWER60SEC,BANDAVAIL2,4,316,0.4,0.0
317,LD02,LOWER6SEC,BANDAVAIL2,4,317,0.4,0.0
318,LD02,RAISE60SEC,BANDAVAIL2,3,318,0.35,3.0
319,LD02,RAISE6SEC,BANDAVAIL2,3,319,0.35,3.0
320,LD03,ENERGY,BANDAVAIL2,60,320,0.0,30.0
321,LD03,LOWER60SEC,BANDAVAIL2,4,321,0.4,0.0
322,LD03,LOWER6SEC,BANDAVAIL2,4,322,0.4,0.0
323,LD03,RAISE60SEC,BANDAVAIL2,3,323,0.35,3.0
324,LD03,RAISE6SEC,BANDAVAIL2,3,324,0.35,3.0
325,LD04,ENERGY,BANDAVAIL2,60,325,0.0,30.0
326,LD04,LOWER60SEC,BANDAVAIL2,4,326,0.4,0.0
327,LD04,LOWER6SEC,BANDAVAIL2,4,327,0.4,0.0
328,LD04,RAISE60SEC,BANDAVAIL2,3,328,0.35,3.0
329,LD04,RAISE6SEC,BANDAVAIL2,3,329,0.35,3.0
330,LOYYB1,LOWER5MIN,BANDAVAIL2,35,330,0.02,35.0
331,LOYYB1,LOWER60SEC,BANDAVAIL2,50,331,0.02,38.7933
332,LOYYB1,LOWER6SEC,BANDAVAIL2,60,332,0.02,0.0
333,LOYYB1,RAISE5MIN,BANDAVAIL2,7,333,0.03,7.0
334,LOYYB1,RAISE60SEC,BANDAVAIL2,7,334,0.03,7.0
335,LOYYB1,RAISE6SEC,BANDAVAIL2,7,335,0.03,7.0
336,LOYYB2,LOWER5MIN,BANDAVAIL2,35,336,0.02,18.18503
337,LOYYB2,LOWER60SEC,BANDAVAIL2,50,337,0.02,50.0
338,LOYYB2,LOWER6SEC,BANDAVAIL2,60,338,0.02,20.7933
339,LOYYB2,RAISE5MIN,BANDAVAIL2,7,339,0.03,0.0
340,LOYYB2,RAISE60SEC,BANDAVAIL2,7,340,0.03,0.0
341,LOYYB2,RAISE6SEC,BANDAVAIL2,7,341,0.03,0.0
342,LYA1,ENERGY,BANDAVAIL2,50,342,0.0,50.0
343,LYA1,LOWER5MIN,BANDAVAIL2,10,343,0.2,0.0
344,LYA1,LOWER6SEC,BANDAVAIL2,10,344,0.2,0.0
345,LYA1,RAISE60SEC,BANDAVAIL2,10,345,0.2,10.0
346,LYA1,RAISE6SEC,BANDAVAIL2,10,346,0.2,10.0
347,LYA1,RAISEREG,BANDAVAIL2,5,347,28.97,0.0
348,LYA2,ENERGY,BANDAVAIL2,50,348,0.0,50.0
349,LYA2,LOWER5MIN,BANDAVAIL2,10,349,0.2,0.0
350,LYA2,LOWER60SEC,BANDAVAIL2,10,350,0.2,0.0
351,LYA2,LOWER6SEC,BANDAVAIL2,10,351,0.2,0.0
352,LYA2,RAISE60SEC,BANDAVAIL2,10,352,0.2,10.0
353,LYA2,RAISE6SEC,BANDAVAIL2,10,353,0.2,8.8571429
354,LYA2,RAISEREG,BANDAVAIL2,5,354,28.97,0.0
355,LYA3,LOWER5MIN,BANDAVAIL2,10,355,0.2,0.0
356,LYA3,LOWER60SEC,BANDAVAIL2,10,356,0.2,0.0
357,LYA3,LOWER6SEC,BANDAVAIL2,10,357,0.2,0.0
358,LYA3,RAISE60SEC,BANDAVAIL2,10,358,0.2,10.0
359,LYA3,RAISE6SEC,BANDAVAIL2,10,359,0.2,10.0
360,LYA3,RAISEREG,BANDAVAIL2,5,360,28.97,0.0
361,LYA4,ENERGY,BANDAVAIL2,50,361,0.0,50.0
362,LYA4,LOWER5MIN,BANDAVAIL2,10,362,0.2,0.0
363,LYA4,LOWER60SEC,BANDAVAIL2,10,363,0.2,0.0
364,LYA4,LOWER6SEC,BANDAVAIL2,10,364,0.2,0.0
365,LYA4,RAISE60SEC,BANDAVAIL2,10,365,0.2,10.0
366,LYA4,RAISE6SEC,BANDAVAIL2,10,366,0.2,10.0
367,LYA4,RAISEREG,BANDAVAIL2,5,367,28.97,0.0
368,MEADOWBK,LOWER6SEC,BANDAVAIL2,3,368,0.12,0.0
369,MP1,ENERGY,BANDAVAIL2,70,369,0.0,70.0
370,MP1,LOWER5MIN,BANDAVAIL2,20,370,0.15,0.0
371,MP1,LOWER60SEC,BANDAVAIL2,20,371,0.15,0.0
372,MP1,LOWER6SEC,BANDAVAIL2,20,372,0.14,0.0
373,MP2,ENERGY,BANDAVAIL2,70,373,0.0,70.0
374,MP2,LOWER5MIN,BANDAVAIL2,20,374,0.15,0.0
375,MP2,LOWER60SEC,BANDAVAIL2,20,375,0.15,0.0
376,MP2,LOWER6SEC,BANDAVAIL2,20,376,0.14,0.0
377,STAN-2,ENERGY,BANDAVAIL2,40,377,19.06,40.0
378,TARONG#1,ENERGY,BANDAVAIL2,20,378,24.16,20.0
379,TARONG#2,ENERGY,BANDAVAIL2,45,379,24.16,45.0
380,TARONG#4,ENERGY,BANDAVAIL2,20,380,24.16,20.0
381,TNPS1,ENERGY,BANDAVAIL2,150,381,6.73,150.0
382,TORRB2,LOWER60SEC,BANDAVAIL2,10,382,0.03,0.0
383,TORRB2,LOWER6SEC,BANDAVAIL2,5,383,0.5,0.0
384,TORRB2,RAISE60SEC,BANDAVAIL2,10,384,1.48,0.0
385,TORRB2,RAISE6SEC,BANDAVAIL2,5,385,0.5,5.0
386,TORRB2,RAISEREG,BANDAVAIL2,5,386,11.99,0.0
387,TORRB3,LOWER60SEC,BANDAVAIL2,10,387,0.03,0.0
388,TORRB3,LOWER6SEC,BANDAVAIL2,5,388,0.5,0.0
389,TORRB3,RAISE60SEC,BANDAVAIL2,10,389,1.48,0.0
390,TORRB3,RAISE6SEC,BANDAVAIL2,5,390,0.5,5.0
391,TORRB3,RAISEREG,BANDAVAIL2,5,391,11.99,0.0
392,TORRB4,LOWER60SEC,BANDAVAIL2,10,392,0.03,0.0
393,TORRB4,RAISE60SEC,BANDAVAIL2,10,393,1.48,0.0
394,TORRB4,RAISE6SEC,BANDAVAIL2,5,394,0.5,5.0
395,TORRB4,RAISEREG,BANDAVAIL2,5,395,11.99,0.0
396,TVCC201,LOWER5MIN,BANDAVAIL2,100,396,0.17,0.0
397,TVCC201,LOWER6SEC,BANDAVAIL2,26,397,0.12,0.0
398,POAT110,ENERGY,BANDAVAIL2,12,398,-73.46,12.0
399,POAT110,LOWER5MIN,BANDAVAIL2,80,399,0.17,0.0
400,POAT110,LOWER6SEC,BANDAVAIL2,59,400,0.12,0.0
401,CALL_B_1,ENERGY,BANDAVAIL2,110,401,-0.05,110.0
402,POAT220,LOWER5MIN,BANDAVAIL2,80,402,0.17,0.0
403,POAT220,LOWER6SEC,BANDAVAIL2,118,403,0.12,0.0
404,VP5,LOWER5MIN,BANDAVAIL2,3,404,2.0,0.0
405,VP5,LOWER60SEC,BANDAVAIL2,5,405,2.0,0.0
406,VP5,LOWER6SEC,BANDAVAIL2,5,406,2.0,0.0
407,VP5,LOWERREG,BANDAVAIL2,5,407,5.0,5.0
408,VP5,RAISE5MIN,BANDAVAIL2,5,408,2.0,5.0
409,VP5,RAISE60SEC,BANDAVAIL2,5,409,2.0,0.0
410,VP5,RAISE6SEC,BANDAVAIL2,5,410,2.0,0.0
411,VP6,ENERGY,BANDAVAIL2,50,411,27.1,50.0
412,VP6,LOWER5MIN,BANDAVAIL2,3,412,2.0,0.0
413,VP6,LOWER60SEC,BANDAVAIL2,5,413,2.0,0.0
414,VP6,LOWER6SEC,BANDAVAIL2,5,414,2.0,0.0
415,VP6,LOWERREG,BANDAVAIL2,5,415,5.0,5.0
416,VP6,RAISE5MIN,BANDAVAIL2,5,416,2.0,5.0
417,VP6,RAISE60SEC,BANDAVAIL2,5,417,2.0,0.0
418,VP6,RAISE6SEC,BANDAVAIL2,5,418,2.0,0.0
419,W/HOE#1,RAISE5MIN,BANDAVAIL2,135,419,2.09,4.57411
420,YABULU,ENERGY,BANDAVAIL2,83,420,0.0,83.0
421,YABULU2,ENERGY,BANDAVAIL2,58,421,0.0,58.0
422,YWPS1,LOWER60SEC,BANDAVAIL2,10,422,0.17,0.0
423,YWPS1,LOWER6SEC,BANDAVAIL2,10,423,0.05,0.0
424,YWPS2,ENERGY,BANDAVAIL2,50,424,0.0,50.0
425,YWPS2,LOWER60SEC,BANDAVAIL2,10,425,0.17,0.0
426,YWPS2,LOWER6SEC,BANDAVAIL2,10,426,0.05,0.0
427,YWPS3,ENERGY,BANDAVAIL2,50,427,0.0,50.0
428,YWPS4,ENERGY,BANDAVAIL2,50,428,0.0,50.0
429,YWPS4,LOWER5MIN,BANDAVAIL2,5,429,0.17,0.0
430,YWPS4,LOWER60SEC,BANDAVAIL2,10,430,0.17,0.0
431,YWPS4,LOWER6SEC,BANDAVAIL2,10,431,0.05,0.0
432,APD01,RAISE60SEC,BANDAVAIL3,5,432,5.33,0.0
433,BW01,LOWER5MIN,BANDAVAIL3,12,433,2.8,0.0
434,BW01,LOWER60SEC,BANDAVAIL3,12,434,2.8,0.0
435,BW01,LOWER6SEC,BANDAVAIL3,12,435,2.8,0.0
436,BW01,LOWERREG,BANDAVAIL3,3,436,2.8,3.0
437,BW01,RAISE5MIN,BANDAVAIL3,4,437,2.8,0.0
438,BW01,RAISE60SEC,BANDAVAIL3,4,438,3.04,0.0
439,BW01,RAISE6SEC,BANDAVAIL3,4,439,2.8,0.0
440,BW01,RAISEREG,BANDAVAIL3,4,440,48.8,0.0
441,BW02,LOWER5MIN,BANDAVAIL3,12,441,2.8,0.0
442,BW02,LOWER60SEC,BANDAVAIL3,12,442,2.8,0.0
443,BW02,LOWER6SEC,BANDAVAIL3,12,443,2.8,0.0
444,BW02,LOWERREG,BANDAVAIL3,3,444,2.8,3.0
445,BW02,RAISE5MIN,BANDAVAIL3,4,445,2.8,0.0
446,BW02,RAISE60SEC,BANDAVAIL3,4,446,3.04,0.0
447,BW02,RAISE6SEC,BANDAVAIL3,4,447,2.8,0.0
448,BW02,RAISEREG,BANDAVAIL3,4,448,48.8,0.0
449,BW03,LOWER5MIN,BANDAVAIL3,12,449,2.8,0.0
450,BW03,LOWER60SEC,BANDAVAIL3,12,450,2.8,0.0
451,BW03,LOWER6SEC,BANDAVAIL3,12,451,2.8,0.0
452,BW03,LOWERREG,BANDAVAIL3,3,452,2.8,3.0
453,BW03,RAISE5MIN,BANDAVAIL3,4,453,2.8,0.0
454,BW03,RAISE60SEC,BANDAVAIL3,4,454,3.04,0.0
455,BW03,RAISE6SEC,BANDAVAIL3,4,455,2.8,0.0
456,BW03,RAISEREG,BANDAVAIL3,4,456,48.8,0.0
457,BW04,LOWER5MIN,BANDAVAIL3,12,457,2.8,0.0
458,BW04,LOWER60SEC,BANDAVAIL3,12,458,2.8,0.0
459,BW04,LOWER6SEC,BANDAVAIL3,12,459,2.8,0.0
460,BW04,LOWERREG,BANDAVAIL3,3,460,2.8,3.0
461,BW04,RAISE5MIN,BANDAVAIL3,4,461,2.8,0.0
462,BW04,RAISE60SEC,BANDAVAIL3,4,462,3.04,0.0
463,BW04,RAISE6SEC,BANDAVAIL3,4,463,2.8,0.0
464,BW04,RAISEREG,BANDAVAIL3,4,464,48.8,0.0
465,CALL_B_2,ENERGY,BANDAVAIL3,100,465,15.89,80.0
466,ER01,ENERGY,BANDAVAIL3,350,466,34.37,280.0
467,ER02,ENERGY,BANDAVAIL3,350,467,34.37,350.0
468,ER03,ENERGY,BANDAVAIL3,350,468,34.43,60.0
469,ER04,ENERGY,BANDAVAIL3,350,469,34.43,140.0
470,GORDON,LOWER60SEC,BANDAVAIL3,157,470,0.18,0.0
471,GORDON,RAISE5MIN,BANDAVAIL3,119,471,2.1,0.47838929
472,GORDON,RAISEREG,BANDAVAIL3,24,472,15.0,24.0
473,GSTONE1,LOWER60SEC,BANDAVAIL3,3,473,2.69,0.0
474,GSTONE1,RAISE60SEC,BANDAVAIL3,3,474,2.39,0.0
475,GSTONE1,RAISE6SEC,BANDAVAIL3,3,475,2.39,0.0
476,GSTONE5,LOWER60SEC,BANDAVAIL3,3,476,2.69,0.0
477,GSTONE5,RAISE60SEC,BANDAVAIL3,3,477,1.97,0.0
478,GSTONE5,RAISE6SEC,BANDAVAIL3,3,478,2.39,0.0
479,GSTONE6,LOWER60SEC,BANDAVAIL3,3,479,2.69,0.0
480,GSTONE6,RAISE60SEC,BANDAVAIL3,3,480,1.97,0.0
481,GSTONE6,RAISE6SEC,BANDAVAIL3,3,481,2.39,0.0
482,HDWF1,ENERGY,BANDAVAIL3,102,482,-77.0,90.567
483,HWPS1,ENERGY,BANDAVAIL3,80,483,8.92,0.0
484,JBUTTERS,LOWER60SEC,BANDAVAIL3,153,484,0.18,0.0
485,KPP_1,ENERGY,BANDAVAIL3,350,485,13.23,300.0
486,LD01,LOWER60SEC,BANDAVAIL3,2,486,14.8,0.0
487,LD01,LOWER6SEC,BANDAVAIL3,2,487,14.8,0.0
488,LD01,RAISE60SEC,BANDAVAIL3,5,488,6.8,0.0
489,LD01,RAISE6SEC,BANDAVAIL3,5,489,6.8,0.0
490,LD02,LOWER60SEC,BANDAVAIL3,2,490,14.8,0.0
491,LD02,LOWER6SEC,BANDAVAIL3,2,491,14.8,0.0
492,LD02,RAISE60SEC,BANDAVAIL3,5,492,6.8,0.0
493,LD02,RAISE6SEC,BANDAVAIL3,5,493,6.8,0.0
494,LD03,LOWER60SEC,BANDAVAIL3,2,494,14.8,0.0
495,LD03,LOWER6SEC,BANDAVAIL3,2,495,14.8,0.0
496,LD03,RAISE60SEC,BANDAVAIL3,5,496,6.8,0.0
497,LD03,RAISE6SEC,BANDAVAIL3,5,497,6.8,0.0
498,LD04,LOWER60SEC,BANDAVAIL3,2,498,14.8,0.0
499,LD04,LOWER6SEC,BANDAVAIL3,2,499,14.8,0.0
500,LD04,RAISE60SEC,BANDAVAIL3,5,500,6.8,0.0
501,LD04,RAISE6SEC,BANDAVAIL3,5,501,6.8,0.0
502,LOYYB1,ENERGY,BANDAVAIL3,250,502,10.21,235.0
503,LOYYB1,LOWER5MIN,BANDAVAIL3,35,503,0.19,0.0
504,LOYYB1,LOWER60SEC,BANDAVAIL3,30,504,0.06,0.0
505,LOYYB1,LOWER6SEC,BANDAVAIL3,40,505,0.04,0.0
506,LOYYB2,ENERGY,BANDAVAIL3,250,506,10.21,235.0
507,LOYYB2,LOWER5MIN,BANDAVAIL3,35,507,0.19,0.0
508,LOYYB2,LOWER60SEC,BANDAVAIL3,30,508,0.06,0.0
509,LOYYB2,LOWER6SEC,BANDAVAIL3,40,509,0.04,0.0
510,LYA1,ENERGY,BANDAVAIL3,80,510,8.95,80.0
511,LYA1,LOWER5MIN,BANDAVAIL3,10,511,0.5,0.0
512,LYA1,LOWER60SEC,BANDAVAIL3,10,512,0.5,0.0
513,LYA1,LOWER6SEC,BANDAVAIL3,10,513,0.5,0.0
514,LYA2,ENERGY,BANDAVAIL3,70,514,8.95,70.0
515,LYA2,LOWER5MIN,BANDAVAIL3,10,515,0.5,0.0
516,LYA2,LOWER60SEC,BANDAVAIL3,10,516,0.5,0.0
517,LYA2,LOWER6SEC,BANDAVAIL3,10,517,0.5,0.0
518,LYA3,LOWER5MIN,BANDAVAIL3,10,518,0.5,0.0
519,LYA3,LOWER60SEC,BANDAVAIL3,10,519,0.5,0.0
520,LYA3,LOWER6SEC,BANDAVAIL3,10,520,0.5,0.0
521,LYA4,ENERGY,BANDAVAIL3,80,521,8.95,80.0
522,LYA4,LOWER5MIN,BANDAVAIL3,10,522,0.5,0.0
523,LYA4,LOWER60SEC,BANDAVAIL3,10,523,0.5,0.0
524,LYA4,LOWER6SEC,BANDAVAIL3,10,524,0.5,0.0
525,MCKAY1,LOWER6SEC,BANDAVAIL3,1,525,0.5,0.0
526,MEADOWBK,LOWER60SEC,BANDAVAIL3,38,526,0.18,0.0
527,MP1,ENERGY,BANDAVAIL3,200,527,38.83,200.0
528,MP1,LOWER5MIN,BANDAVAIL3,20,528,0.45,0.0
529,MP1,LOWER60SEC,BANDAVAIL3,20,529,0.38,0.0
530,MP1,LOWER6SEC,BANDAVAIL3,10,530,0.34,0.0
531,MP2,ENERGY,BANDAVAIL3,200,531,38.83,200.0
532,MP2,LOWER5MIN,BANDAVAIL3,20,532,0.45,0.0
533,MP2,LOWER60SEC,BANDAVAIL3,20,533,0.38,0.0
534,MP2,LOWER6SEC,BANDAVAIL3,10,534,0.38,0.0
535,STAN-1,ENERGY,BANDAVAIL3,50,535,58.26,50.0
536,STAN-1,LOWERREG,BANDAVAIL3,2,536,10.0,2.0
537,STAN-2,ENERGY,BANDAVAIL3,50,537,58.26,45.14188
538,STAN-4,LOWERREG,BANDAVAIL3,2,538,10.0,2.0
539,TARONG#1,ENERGY,BANDAVAIL3,30,539,59.03,30.0
540,TARONG#2,ENERGY,BANDAVAIL3,40,540,59.03,40.0
541,TARONG#2,LOWERREG,BANDAVAIL3,2,541,10.0,2.0
542,TARONG#3,LOWERREG,BANDAVAIL3,2,542,10.0,0.0
543,TARONG#4,ENERGY,BANDAVAIL3,30,543,59.03,30.0
544,TORRB2,LOWER60SEC,BANDAVAIL3,5,544,0.45,0.0
545,TORRB2,LOWERREG,BANDAVAIL3,5,545,11.99,5.0
546,TORRB2,RAISE60SEC,BANDAVAIL3,10,546,3.04,0.0
547,TORRB3,LOWER60SEC,BANDAVAIL3,5,547,0.45,0.0
548,TORRB3,LOWERREG,BANDAVAIL3,5,548,11.99,5.0
549,TORRB3,RAISE60SEC,BANDAVAIL3,10,549,3.04,0.0
550,TORRB4,LOWER60SEC,BANDAVAIL3,5,550,0.45,0.0
551,TORRB4,LOWERREG,BANDAVAIL3,5,551,11.99,5.0
552,TORRB4,RAISE60SEC,BANDAVAIL3,10,552,3.04,0.0
553,TVCC201,LOWER60SEC,BANDAVAIL3,120,553,0.18,0.0
554,POAT110,LOWER60SEC,BANDAVAIL3,118,554,0.18,0.0
555,CALL_B_1,LOWER60SEC,BANDAVAIL3,5,555,1.49,0.0
556,CALL_B_1,LOWER5MIN,BANDAVAIL3,5,556,1.49,0.0
557,CALL_B_1,ENERGY,BANDAVAIL3,100,557,15.89,75.0
558,CALL_B_1,LOWER6SEC,BANDAVAIL3,5,558,1.49,0.0
559,POAT220,LOWER60SEC,BANDAVAIL3,218,559,0.18,0.0
560,UPPTUMUT,ENERGY,BANDAVAIL3,80,560,39.68,80.0
561,UPPTUMUT,RAISE5MIN,BANDAVAIL3,4,561,3.0,0.0
562,UPPTUMUT,RAISEREG,BANDAVAIL3,4,562,3.0,4.0794035e-12
563,VP5,ENERGY,BANDAVAIL3,20,563,30.3,20.0
564,VP5,LOWER5MIN,BANDAVAIL3,5,564,5.0,0.0
565,VP5,LOWER60SEC,BANDAVAIL3,5,565,4.5,0.0
566,VP5,LOWER6SEC,BANDAVAIL3,5,566,4.5,0.0
567,VP5,LOWERREG,BANDAVAIL3,5,567,15.0,5.0
568,VP5,RAISE60SEC,BANDAVAIL3,10,568,5.0,0.0
569,VP5,RAISE6SEC,BANDAVAIL3,10,569,5.0,0.0
570,VP5,RAISEREG,BANDAVAIL3,5,570,7.0,5.0
571,VP6,ENERGY,BANDAVAIL3,150,571,30.3,150.0
572,VP6,LOWER5MIN,BANDAVAIL3,5,572,5.0,0.0
573,VP6,LOWER60SEC,BANDAVAIL3,5,573,4.5,0.0
574,VP6,LOWER6SEC,BANDAVAIL3,5,574,4.5,0.0
575,VP6,LOWERREG,BANDAVAIL3,5,575,15.0,5.0
576,VP6,RAISE60SEC,BANDAVAIL3,10,576,5.0,0.0
577,VP6,RAISE6SEC,BANDAVAIL3,10,577,5.0,0.0
578,VP6,RAISEREG,BANDAVAIL3,5,578,7.0,5.0
579,YWPS1,ENERGY,BANDAVAIL3,30,579,8.76,5.0
580,YWPS1,LOWER5MIN,BANDAVAIL3,5,580,0.79,0.0
581,YWPS2,ENERGY,BANDAVAIL3,20,581,8.73,20.0
582,YWPS2,LOWER5MIN,BANDAVAIL3,5,582,0.79,0.0
583,YWPS3,ENERGY,BANDAVAIL3,46,583,8.73,46.0
584,YWPS4,ENERGY,BANDAVAIL3,46,584,8.73,46.0
585,BALDHWF1,ENERGY,BANDAVAIL4,106,585,-35.12,4.199
586,BW01,ENERGY,BANDAVAIL4,250,586,43.28,250.0
587,BW01,LOWER5MIN,BANDAVAIL4,6,587,20.8,0.0
588,BW01,LOWER60SEC,BANDAVAIL4,6,588,20.8,0.0
589,BW01,LOWER6SEC,BANDAVAIL4,6,589,20.8,0.0
590,BW01,LOWERREG,BANDAVAIL4,4,590,20.8,0.0
591,BW01,RAISE5MIN,BANDAVAIL4,8,591,20.8,0.0
592,BW01,RAISE60SEC,BANDAVAIL4,12,592,20.8,0.0
593,BW01,RAISE6SEC,BANDAVAIL4,12,593,20.8,0.0
594,BW01,RAISEREG,BANDAVAIL4,4,594,75.8,0.0
595,BW02,ENERGY,BANDAVAIL4,250,595,43.28,250.0
596,BW02,LOWER5MIN,BANDAVAIL4,6,596,20.8,0.0
597,BW02,LOWER60SEC,BANDAVAIL4,6,597,20.8,0.0
598,BW02,LOWER6SEC,BANDAVAIL4,6,598,20.8,0.0
599,BW02,LOWERREG,BANDAVAIL4,4,599,20.8,0.0
600,BW02,RAISE5MIN,BANDAVAIL4,8,600,20.8,0.0
601,BW02,RAISE60SEC,BANDAVAIL4,12,601,20.8,0.0
602,BW02,RAISE6SEC,BANDAVAIL4,12,602,20.8,0.0
603,BW02,RAISEREG,BANDAVAIL4,4,603,75.8,0.0
604,BW03,ENERGY,BANDAVAIL4,170,604,43.34,170.0
605,BW03,LOWER5MIN,BANDAVAIL4,6,605,20.8,0.0
606,BW03,LOWER60SEC,BANDAVAIL4,6,606,20.8,0.0
607,BW03,LOWER6SEC,BANDAVAIL4,6,607,20.8,0.0
608,BW03,LOWERREG,BANDAVAIL4,4,608,20.8,0.0
609,BW03,RAISE5MIN,BANDAVAIL4,8,609,20.8,0.0
610,BW03,RAISE60SEC,BANDAVAIL4,12,610,20.8,0.0
611,BW03,RAISE6SEC,BANDAVAIL4,12,611,20.8,0.0
612,BW03,RAISEREG,BANDAVAIL4,4,612,75.8,0.0
613,BW04,ENERGY,BANDAVAIL4,250,613,43.34,250.0
614,BW04,LOWER5MIN,BANDAVAIL4,6,614,20.8,0.0
615,BW04,LOWER60SEC,BANDAVAIL4,6,615,20.8,0.0
616,BW04,LOWER6SEC,BANDAVAIL4,6,616,20.8,0.0
617,BW04,LOWERREG,BANDAVAIL4,4,617,20.8,0.0
618,BW04,RAISE5MIN,BANDAVAIL4,8,618,20.8,0.0
619,BW04,RAISE60SEC,BANDAVAIL4,12,619,20.8,0.0
620,BW04,RAISE6SEC,BANDAVAIL4,12,620,20.8,0.0
621,BW04,RAISEREG,BANDAVAIL4,4,621,75.8,0.0
622,GORDON,RAISE60SEC,BANDAVAIL4,157,622,2.39,18.139881
623,GSTONE1,ENERGY,BANDAVAIL4,40,623,43.47,40.0
624,GSTONE1,LOWER60SEC,BANDAVAIL4,2,624,4.99,0.0
625,GSTONE1,LOWER6SEC,BANDAVAIL4,5,625,4.99,0.0
626,GSTONE1,RAISE60SEC,BANDAVAIL4,3,626,4.98,0.0
627,GSTONE1,RAISE6SEC,BANDAVAIL4,3,627,4.96,0.0
628,GSTONE1,RAISEREG,BANDAVAIL4,5,628,43.0,0.0
629,GSTONE2,ENERGY,BANDAVAIL4,20,629,43.47,0.0
630,GSTONE3,ENERGY,BANDAVAIL4,40,630,43.2,1.05827e-12
631,GSTONE5,LOWER60SEC,BANDAVAIL4,2,631,4.99,0.0
632,GSTONE5,LOWER6SEC,BANDAVAIL4,5,632,4.99,0.0
633,GSTONE5,RAISE60SEC,BANDAVAIL4,3,633,2.76,0.0
634,GSTONE5,RAISE6SEC,BANDAVAIL4,3,634,4.96,0.0
635,GSTONE5,RAISEREG,BANDAVAIL4,5,635,43.0,0.0
636,GSTONE6,ENERGY,BANDAVAIL4,40,636,43.47,40.0
637,GSTONE6,LOWER60SEC,BANDAVAIL4,2,637,4.99,0.0
638,GSTONE6,LOWER6SEC,BANDAVAIL4,5,638,4.99,0.0
639,GSTONE6,RAISE60SEC,BANDAVAIL4,3,639,2.76,0.0
640,GSTONE6,RAISE6SEC,BANDAVAIL4,3,640,4.96,0.0
641,GSTONE6,RAISEREG,BANDAVAIL4,5,641,43.0,0.0
642,GUNNING1,ENERGY,BANDAVAIL4,47,642,-35.0,4.066
643,JBUTTERS,RAISE5MIN,BANDAVAIL4,142,643,2.4,0.0
644,JBUTTERS,RAISE60SEC,BANDAVAIL4,129,644,2.39,43.270659
645,JBUTTERS,RAISEREG,BANDAVAIL4,142,645,20.0,9.30091
646,LD01,LOWER60SEC,BANDAVAIL4,2,646,38.0,0.0
647,LD01,LOWER6SEC,BANDAVAIL4,2,647,38.0,0.0
648,LD01,RAISE60SEC,BANDAVAIL4,2,648,38.0,0.0
649,LD01,RAISE6SEC,BANDAVAIL4,2,649,14.8,0.0
650,LD02,LOWER60SEC,BANDAVAIL4,2,650,38.0,0.0
651,LD02,LOWER6SEC,BANDAVAIL4,2,651,38.0,0.0
652,LD02,RAISE60SEC,BANDAVAIL4,2,652,38.0,0.0
653,LD02,RAISE6SEC,BANDAVAIL4,2,653,14.8,0.0
654,LD03,LOWER60SEC,BANDAVAIL4,2,654,38.0,0.0
655,LD03,LOWER6SEC,BANDAVAIL4,2,655,38.0,0.0
656,LD03,RAISE60SEC,BANDAVAIL4,2,656,38.0,0.0
657,LD03,RAISE6SEC,BANDAVAIL4,2,657,14.8,0.0
658,LD04,LOWER60SEC,BANDAVAIL4,2,658,38.0,0.0
659,LD04,LOWER6SEC,BANDAVAIL4,2,659,38.0,0.0
660,LD04,RAISE60SEC,BANDAVAIL4,2,660,38.0,0.0
661,LD04,RAISE6SEC,BANDAVAIL4,2,661,14.8,0.0
662,LOYYB1,LOWER60SEC,BANDAVAIL4,20,662,0.15,0.0
663,LOYYB1,LOWERREG,BANDAVAIL4,20,663,99.99,0.0
664,LOYYB2,LOWER60SEC,BANDAVAIL4,20,664,0.15,0.0
665,LOYYB2,LOWERREG,BANDAVAIL4,20,665,99.99,0.0
666,LYA1,ENERGY,BANDAVAIL4,30,666,24.5,30.0
667,LYA1,LOWER5MIN,BANDAVAIL4,10,667,0.8,0.0
668,LYA1,LOWER60SEC,BANDAVAIL4,10,668,0.8,0.0
669,LYA1,LOWER6SEC,BANDAVAIL4,10,669,0.8,0.0
670,LYA1,RAISE5MIN,BANDAVAIL4,10,670,0.8,10.0
671,LYA1,RAISE60SEC,BANDAVAIL4,10,671,0.8,10.0
672,LYA1,RAISE6SEC,BANDAVAIL4,10,672,0.8,9.6961871
673,LYA2,ENERGY,BANDAVAIL4,30,673,24.5,30.0
674,LYA2,LOWER5MIN,BANDAVAIL4,10,674,0.8,0.0
675,LYA2,LOWER60SEC,BANDAVAIL4,10,675,0.8,0.0
676,LYA2,LOWER6SEC,BANDAVAIL4,10,676,0.8,0.0
677,LYA2,RAISE60SEC,BANDAVAIL4,10,677,0.8,0.0
678,LYA2,RAISE6SEC,BANDAVAIL4,10,678,0.8,0.0
679,LYA3,ENERGY,BANDAVAIL4,30,679,24.5,30.0
680,LYA3,LOWER5MIN,BANDAVAIL4,10,680,0.8,0.0
681,LYA3,LOWER60SEC,BANDAVAIL4,10,681,0.8,0.0
682,LYA3,LOWER6SEC,BANDAVAIL4,10,682,0.8,0.0
683,LYA3,RAISE5MIN,BANDAVAIL4,10,683,0.8,10.0
684,LYA3,RAISE60SEC,BANDAVAIL4,10,684,0.8,9.27124
685,LYA3,RAISE6SEC,BANDAVAIL4,10,685,0.8,10.0
686,LYA4,ENERGY,BANDAVAIL4,30,686,24.5,30.0
687,LYA4,LOWER5MIN,BANDAVAIL4,10,687,0.8,0.0
688,LYA4,LOWER60SEC,BANDAVAIL4,10,688,0.8,0.0
689,LYA4,LOWER6SEC,BANDAVAIL4,10,689,0.8,0.0
690,LYA4,RAISE5MIN,BANDAVAIL4,10,690,0.8,10.0
691,LYA4,RAISE60SEC,BANDAVAIL4,10,691,0.8,0.0
692,LYA4,RAISE6SEC,BANDAVAIL4,10,692,0.8,10.0
693,MP1,ENERGY,BANDAVAIL4,150,693,43.86,130.0
694,MP1,LOWER5MIN,BANDAVAIL4,20,694,2.6,0.0
695,MP1,LOWER60SEC,BANDAVAIL4,10,695,0.95,0.0
696,MP1,LOWER6SEC,BANDAVAIL4,10,696,1.19,0.0
697,MP2,ENERGY,BANDAVAIL4,150,697,43.86,90.0
698,MP2,LOWER5MIN,BANDAVAIL4,20,698,2.6,0.0
699,MP2,LOWER60SEC,BANDAVAIL4,10,699,1.75,0.0
700,MP2,LOWER6SEC,BANDAVAIL4,10,700,1.19,0.0
701,MP2,RAISE6SEC,BANDAVAIL4,20,701,4.6,0.0
702,MPP_1,ENERGY,BANDAVAIL4,130,702,9.16,115.0
703,MPP_2,ENERGY,BANDAVAIL4,130,703,9.16,115.0
704,STAN-1,LOWERREG,BANDAVAIL4,2,704,34.0,0.0
705,STAN-4,LOWERREG,BANDAVAIL4,2,705,34.0,0.0
706,TARONG#2,ENERGY,BANDAVAIL4,15,706,95.83,0.0
707,TARONG#2,LOWERREG,BANDAVAIL4,2,707,34.0,0.0
708,TARONG#3,LOWERREG,BANDAVAIL4,2,708,34.0,0.0
709,TORRA1,ENERGY,BANDAVAIL4,15,709,80.1,0.0
710,TORRB2,ENERGY,BANDAVAIL4,30,710,80.1,0.0
711,TORRB2,LOWER60SEC,BANDAVAIL4,5,711,1.0,0.0
712,TORRB2,LOWERREG,BANDAVAIL4,10,712,75.0,0.0
713,TORRB2,RAISE6SEC,BANDAVAIL4,10,713,2.6,0.0
714,TORRB2,RAISEREG,BANDAVAIL4,10,714,75.0,0.0
715,TORRB3,ENERGY,BANDAVAIL4,30,715,80.1,0.0
716,TORRB3,LOWER60SEC,BANDAVAIL4,5,716,1.0,0.0
717,TORRB3,LOWERREG,BANDAVAIL4,10,717,75.0,0.0
718,TORRB3,RAISE6SEC,BANDAVAIL4,10,718,2.6,0.0
719,TORRB3,RAISEREG,BANDAVAIL4,10,719,75.0,0.0
720,TORRB4,ENERGY,BANDAVAIL4,30,720,80.1,0.0
721,TORRB4,LOWER60SEC,BANDAVAIL4,5,721,1.0,0.0
722,TORRB4,LOWERREG,BANDAVAIL4,10,722,75.0,0.0
723,TORRB4,RAISE6SEC,BANDAVAIL4,10,723,2.6,0.0
724,TORRB4,RAISEREG,BANDAVAIL4,10,724,75.0,0.0
725,POAT110,RAISE5MIN,BANDAVAIL4,80,725,2.4,26.718101
726,POAT110,RAISE60SEC,BANDAVAIL4,6,726,2.39,0.0
727,CALL_B_1,LOWER60SEC,BANDAVAIL4,5,727,2.69,0.0
728,CALL_B_1,LOWER5MIN,BANDAVAIL4,5,728,2.69,0.0
729,CALL_B_1,LOWER6SEC,BANDAVAIL4,5,729,2.69,0.0
730,POAT220,RAISE60SEC,BANDAVAIL4,15,730,2.39,15.0
731,UPPTUMUT,ENERGY,BANDAVAIL4,85,731,45.95,85.0
732,UPPTUMUT,LOWER5MIN,BANDAVAIL4,30,732,6.0,0.0
733,UPPTUMUT,LOWERREG,BANDAVAIL4,10,733,6.0,3.1334935e-12
734,UPPTUMUT,RAISE5MIN,BANDAVAIL4,20,734,6.0,0.0
735,UPPTUMUT,RAISEREG,BANDAVAIL4,40,735,6.0,0.0
736,VP5,ENERGY,BANDAVAIL4,50,736,38.38,50.0
737,VP5,LOWER5MIN,BANDAVAIL4,5,737,10.0,0.0
738,VP5,LOWER60SEC,BANDAVAIL4,5,738,10.0,0.0
739,VP5,LOWER6SEC,BANDAVAIL4,5,739,10.0,0.0
740,VP5,RAISE5MIN,BANDAVAIL4,5,740,10.0,0.0
741,VP5,RAISE60SEC,BANDAVAIL4,5,741,10.0,0.0
742,VP5,RAISE6SEC,BANDAVAIL4,5,742,10.0,0.0
743,VP5,RAISEREG,BANDAVAIL4,5,743,14.9,0.0
744,VP6,ENERGY,BANDAVAIL4,50,744,38.38,50.0
745,VP6,LOWER5MIN,BANDAVAIL4,5,745,10.0,0.0
746,VP6,LOWER60SEC,BANDAVAIL4,5,746,10.0,0.0
747,VP6,LOWER6SEC,BANDAVAIL4,5,747,10.0,0.0
748,VP6,RAISE5MIN,BANDAVAIL4,5,748,10.0,0.0
749,VP6,RAISE60SEC,BANDAVAIL4,5,749,10.0,0.0
750,VP6,RAISE6SEC,BANDAVAIL4,5,750,10.0,0.0
751,VP6,RAISEREG,BANDAVAIL4,5,751,14.9,0.0
752,YWPS1,ENERGY,BANDAVAIL4,30,752,15.41,0.0
753,YWPS1,RAISE6SEC,BANDAVAIL4,10,753,20.7,0.0
754,YWPS2,ENERGY,BANDAVAIL4,30,754,15.36,10.0
755,YWPS2,RAISE6SEC,BANDAVAIL4,10,755,20.7,0.0
756,YWPS3,ENERGY,BANDAVAIL4,20,756,15.36,20.0
757,YWPS3,RAISE6SEC,BANDAVAIL4,10,757,20.7,0.0
758,YWPS4,ENERGY,BANDAVAIL4,20,758,15.36,20.0
759,YWPS4,RAISE6SEC,BANDAVAIL4,10,759,20.7,0.0
760,APD01,RAISE5MIN,BANDAVAIL5,15,760,15.0,0.0
761,APD01,RAISE60SEC,BANDAVAIL5,10,761,15.0,0.0
762,APD01,RAISE6SEC,BANDAVAIL5,5,762,15.0,0.0
763,BW01,ENERGY,BANDAVAIL5,20,763,53.67,20.0
764,BW01,LOWER5MIN,BANDAVAIL5,2,764,48.0,0.0
765,BW01,LOWER60SEC,BANDAVAIL5,2,765,48.0,0.0
766,BW01,LOWER6SEC,BANDAVAIL5,2,766,48.0,0.0
767,BW01,LOWERREG,BANDAVAIL5,4,767,48.0,0.0
768,BW01,RAISE5MIN,BANDAVAIL5,12,768,48.0,0.0
769,BW01,RAISE60SEC,BANDAVAIL5,4,769,48.0,0.0
770,BW01,RAISE6SEC,BANDAVAIL5,4,770,48.0,0.0
771,BW01,RAISEREG,BANDAVAIL5,4,771,98.8,0.0
772,BW02,ENERGY,BANDAVAIL5,20,772,53.67,20.0
773,BW02,LOWER5MIN,BANDAVAIL5,2,773,48.0,0.0
774,BW02,LOWER60SEC,BANDAVAIL5,2,774,48.0,0.0
775,BW02,LOWER6SEC,BANDAVAIL5,2,775,48.0,0.0
776,BW02,LOWERREG,BANDAVAIL5,4,776,48.0,0.0
777,BW02,RAISE5MIN,BANDAVAIL5,12,777,48.0,0.0
778,BW02,RAISE60SEC,BANDAVAIL5,4,778,48.0,0.0
779,BW02,RAISE6SEC,BANDAVAIL5,4,779,48.0,0.0
780,BW02,RAISEREG,BANDAVAIL5,4,780,98.8,0.0
781,BW03,ENERGY,BANDAVAIL5,10,781,53.74,10.0
782,BW03,LOWER5MIN,BANDAVAIL5,2,782,48.0,0.0
783,BW03,LOWER60SEC,BANDAVAIL5,2,783,48.0,0.0
784,BW03,LOWER6SEC,BANDAVAIL5,2,784,48.0,0.0
785,BW03,LOWERREG,BANDAVAIL5,4,785,48.0,0.0
786,BW03,RAISE5MIN,BANDAVAIL5,12,786,48.0,0.0
787,BW03,RAISE60SEC,BANDAVAIL5,4,787,48.0,0.0
788,BW03,RAISE6SEC,BANDAVAIL5,4,788,48.0,0.0
789,BW03,RAISEREG,BANDAVAIL5,4,789,98.8,0.0
790,BW04,ENERGY,BANDAVAIL5,20,790,53.74,20.0
791,BW04,LOWER5MIN,BANDAVAIL5,2,791,48.0,0.0
792,BW04,LOWER60SEC,BANDAVAIL5,2,792,48.0,0.0
793,BW04,LOWER6SEC,BANDAVAIL5,2,793,48.0,0.0
794,BW04,LOWERREG,BANDAVAIL5,4,794,48.0,0.0
795,BW04,RAISE5MIN,BANDAVAIL5,12,795,48.0,0.0
796,BW04,RAISE60SEC,BANDAVAIL5,4,796,48.0,0.0
797,BW04,RAISE6SEC,BANDAVAIL5,4,797,48.0,0.0
798,BW04,RAISEREG,BANDAVAIL5,4,798,98.8,0.0
799,DARTM1,LOWER60SEC,BANDAVAIL5,4,799,1.2,0.0
800,DARTM1,LOWER6SEC,BANDAVAIL5,4,800,1.2,0.0
801,DDPS1,ENERGY,BANDAVAIL5,125,801,66.82,49.037999
802,GORDON,ENERGY,BANDAVAIL5,190,802,77.74,85.521611
803,GORDON,LOWERREG,BANDAVAIL5,140,803,10.0,0.0
804,GORDON,RAISE6SEC,BANDAVAIL5,48,804,5.0,8.9855929
805,GORDON,RAISEREG,BANDAVAIL5,95,805,25.0,0.0
806,GSTONE1,ENERGY,BANDAVAIL5,15,806,57.96,15.0
807,GSTONE1,LOWER60SEC,BANDAVAIL5,3,807,9.99,0.0
808,GSTONE1,RAISE60SEC,BANDAVAIL5,3,808,6.79,0.0
809,GSTONE1,RAISE6SEC,BANDAVAIL5,3,809,6.79,0.0
810,GSTONE1,RAISEREG,BANDAVAIL5,5,810,44.99,0.0
811,GSTONE2,ENERGY,BANDAVAIL5,25,811,57.96,0.0
812,GSTONE3,ENERGY,BANDAVAIL5,15,812,57.61,0.0
813,GSTONE5,LOWER60SEC,BANDAVAIL5,3,813,9.99,0.0
814,GSTONE5,RAISE60SEC,BANDAVAIL5,3,814,4.96,0.0
815,GSTONE5,RAISE6SEC,BANDAVAIL5,3,815,6.79,0.0
816,GSTONE5,RAISEREG,BANDAVAIL5,5,816,44.99,0.0
817,GSTONE6,ENERGY,BANDAVAIL5,15,817,57.96,15.0
818,GSTONE6,LOWER60SEC,BANDAVAIL5,3,818,9.99,0.0
819,GSTONE6,RAISE60SEC,BANDAVAIL5,3,819,4.96,0.0
820,GSTONE6,RAISE6SEC,BANDAVAIL5,3,820,6.79,0.0
821,GSTONE6,RAISEREG,BANDAVAIL5,5,821,44.99,0.0
822,GUNNING1,ENERGY,BANDAVAIL5,47,822,0.0,0.0
823,JBUTTERS,RAISE6SEC,BANDAVAIL5,31,823,5.0,31.0
824,LD01,LOWER60SEC,BANDAVAIL5,5,824,88.0,0.0
825,LD01,LOWER6SEC,BANDAVAIL5,5,825,88.0,0.0
826,LD01,RAISE60SEC,BANDAVAIL5,3,826,88.0,0.0
827,LD01,RAISE6SEC,BANDAVAIL5,3,827,38.0,0.0
828,LD02,LOWER60SEC,BANDAVAIL5,5,828,88.0,0.0
829,LD02,LOWER6SEC,BANDAVAIL5,5,829,88.0,0.0
830,LD02,RAISE60SEC,BANDAVAIL5,3,830,88.0,0.0
831,LD02,RAISE6SEC,BANDAVAIL5,3,831,38.0,0.0
832,LD03,LOWER60SEC,BANDAVAIL5,5,832,88.0,0.0
833,LD03,LOWER6SEC,BANDAVAIL5,5,833,88.0,0.0
834,LD03,RAISE60SEC,BANDAVAIL5,3,834,88.0,0.0
835,LD03,RAISE6SEC,BANDAVAIL5,3,835,38.0,0.0
836,LD04,LOWER60SEC,BANDAVAIL5,5,836,88.0,0.0
837,LD04,LOWER6SEC,BANDAVAIL5,5,837,88.0,0.0
838,LD04,RAISE60SEC,BANDAVAIL5,3,838,88.0,0.0
839,LD04,RAISE6SEC,BANDAVAIL5,3,839,38.0,0.0
840,LI_WY_CA,RAISE5MIN,BANDAVAIL5,52,840,5.0,0.0
841,LI_WY_CA,RAISE60SEC,BANDAVAIL5,51,841,5.0,0.0
842,LI_WY_CA,RAISE6SEC,BANDAVAIL5,8,842,5.0,1.1428571
843,LOYYB1,LOWERREG,BANDAVAIL5,25,843,499.99,0.0
844,LOYYB2,LOWERREG,BANDAVAIL5,25,844,499.99,0.0
845,LYA1,ENERGY,BANDAVAIL5,100,845,34.23,90.455719
846,LYA1,LOWERREG,BANDAVAIL5,5,846,1.2,5.0
847,LYA1,RAISE5MIN,BANDAVAIL5,10,847,1.2,10.0
848,LYA2,ENERGY,BANDAVAIL5,80,848,34.23,49.0
849,LYA2,LOWERREG,BANDAVAIL5,5,849,5.0,5.0
850,LYA3,ENERGY,BANDAVAIL5,100,850,34.23,70.0
851,LYA3,LOWERREG,BANDAVAIL5,5,851,5.0,5.0
852,LYA3,RAISE5MIN,BANDAVAIL5,10,852,1.2,10.0
853,LYA4,ENERGY,BANDAVAIL5,100,853,34.23,90.0
854,LYA4,LOWERREG,BANDAVAIL5,5,854,5.0,5.0
855,LYA4,RAISE5MIN,BANDAVAIL5,10,855,1.2,10.0
856,MCKAY1,LOWER60SEC,BANDAVAIL5,5,856,1.2,0.0
857,MEADOWBK,RAISE60SEC,BANDAVAIL5,37,857,5.0,0.0
858,MP1,LOWER5MIN,BANDAVAIL5,20,858,4.9,0.0
859,MP1,LOWER60SEC,BANDAVAIL5,20,859,29.9,0.0
860,MP2,LOWER5MIN,BANDAVAIL5,20,860,4.9,0.0
861,MP2,LOWER60SEC,BANDAVAIL5,20,861,29.9,0.0
862,MP2,RAISE5MIN,BANDAVAIL5,10,862,28.5,0.0
863,MP2,RAISE60SEC,BANDAVAIL5,6,863,18.5,0.0
864,MP2,RAISE6SEC,BANDAVAIL5,20,864,13.4,0.0
865,MP2,RAISEREG,BANDAVAIL5,20,865,49.2,0.0
866,REECE2,RAISE6SEC,BANDAVAIL5,20,866,5.0,20.0
867,STAN-1,LOWERREG,BANDAVAIL5,2,867,55.0,0.0
868,STAN-4,LOWERREG,BANDAVAIL5,2,868,55.0,0.0
869,TARONG#2,LOWERREG,BANDAVAIL5,2,869,55.0,0.0
870,TARONG#3,LOWERREG,BANDAVAIL5,2,870,55.0,0.0
871,TORRA1,ENERGY,BANDAVAIL5,5,871,125.16,0.0
872,TORRB2,ENERGY,BANDAVAIL5,10,872,125.16,0.0
873,TORRB3,ENERGY,BANDAVAIL5,10,873,125.16,0.0
874,TORRB4,ENERGY,BANDAVAIL5,10,874,125.16,0.0
875,TUMUT3,RAISE5MIN,BANDAVAIL5,75,875,30.0,0.0
876,POAT110,ENERGY,BANDAVAIL5,73,876,78.89,66.506909
877,POAT110,RAISEREG,BANDAVAIL5,56,877,25.0,0.0
878,CALL_B_1,LOWER60SEC,BANDAVAIL5,5,878,4.99,0.0
879,CALL_B_1,LOWER6SEC,BANDAVAIL5,5,879,4.99,0.0
880,POAT220,ENERGY,BANDAVAIL5,130,880,79.76,17.37457
881,UPPTUMUT,ENERGY,BANDAVAIL5,100,881,60.66,100.0
882,UPPTUMUT,LOWER5MIN,BANDAVAIL5,40,882,30.0,0.0
883,UPPTUMUT,LOWERREG,BANDAVAIL5,40,883,30.0,0.0
884,UPPTUMUT,RAISE5MIN,BANDAVAIL5,40,884,30.0,0.0
885,UPPTUMUT,RAISEREG,BANDAVAIL5,40,885,30.0,0.0
886,VP5,ENERGY,BANDAVAIL5,50,886,48.28,50.0
887,VP5,LOWER60SEC,BANDAVAIL5,5,887,15.0,0.0
888,VP5,LOWER6SEC,BANDAVAIL5,5,888,15.0,0.0
889,VP5,LOWERREG,BANDAVAIL5,5,889,35.0,0.0
890,VP5,RAISE5MIN,BANDAVAIL5,5,890,15.0,0.0
891,VP5,RAISE60SEC,BANDAVAIL5,5,891,15.0,0.0
892,VP5,RAISE6SEC,BANDAVAIL5,5,892,15.0,0.0
893,VP5,RAISEREG,BANDAVAIL5,5,893,28.0,0.0
894,VP6,ENERGY,BANDAVAIL5,50,894,48.28,50.0
895,VP6,LOWER60SEC,BANDAVAIL5,5,895,15.0,0.0
896,VP6,LOWER6SEC,BANDAVAIL5,5,896,15.0,0.0
897,VP6,LOWERREG,BANDAVAIL5,5,897,35.0,0.0
898,VP6,RAISE5MIN,BANDAVAIL5,5,898,15.0,0.0
899,VP6,RAISE60SEC,BANDAVAIL5,5,899,15.0,0.0
900,VP6,RAISE6SEC,BANDAVAIL5,5,900,15.0,0.0
901,VP6,RAISEREG,BANDAVAIL5,5,901,28.0,0.0
902,WATERLWF,ENERGY,BANDAVAIL5,130,902,-44.03,82.395
903,YWPS1,RAISE6SEC,BANDAVAIL5,5,903,33.33,0.0
904,YWPS2,ENERGY,BANDAVAIL5,30,904,23.91,0.0
905,YWPS2,RAISE6SEC,BANDAVAIL5,5,905,33.33,0.0
906,YWPS3,ENERGY,BANDAVAIL5,30,906,23.91,19.0
907,YWPS3,RAISE6SEC,BANDAVAIL5,5,907,33.33,0.0
908,YWPS4,ENERGY,BANDAVAIL5,30,908,23.91,4.0
909,YWPS4,RAISE6SEC,BANDAVAIL5,5,909,33.33,0.0
910,BW01,ENERGY,BANDAVAIL6,20,910,67.09,0.0
911,BW01,LOWER5MIN,BANDAVAIL6,2,911,148.0,0.0
912,BW01,LOWER60SEC,BANDAVAIL6,2,912,148.0,0.0
913,BW01,LOWER6SEC,BANDAVAIL6,2,913,148.0,0.0
914,BW01,LOWERREG,BANDAVAIL6,4,914,148.0,0.0
915,BW01,RAISE5MIN,BANDAVAIL6,6,915,148.0,0.0
916,BW01,RAISE60SEC,BANDAVAIL6,4,916,148.0,0.0
917,BW01,RAISE6SEC,BANDAVAIL6,4,917,148.0,0.0
918,BW02,ENERGY,BANDAVAIL6,20,918,67.09,0.0
919,BW02,LOWER5MIN,BANDAVAIL6,2,919,148.0,0.0
920,BW02,LOWER60SEC,BANDAVAIL6,2,920,148.0,0.0
921,BW02,LOWER6SEC,BANDAVAIL6,2,921,148.0,0.0
922,BW02,LOWERREG,BANDAVAIL6,4,922,148.0,0.0
923,BW02,RAISE5MIN,BANDAVAIL6,6,923,148.0,0.0
924,BW02,RAISE60SEC,BANDAVAIL6,4,924,148.0,0.0
925,BW02,RAISE6SEC,BANDAVAIL6,4,925,148.0,0.0
926,BW03,ENERGY,BANDAVAIL6,10,926,67.18,0.0
927,BW03,LOWER5MIN,BANDAVAIL6,2,927,148.0,0.0
928,BW03,LOWER60SEC,BANDAVAIL6,2,928,148.0,0.0
929,BW03,LOWER6SEC,BANDAVAIL6,2,929,148.0,0.0
930,BW03,LOWERREG,BANDAVAIL6,4,930,148.0,0.0
931,BW03,RAISE5MIN,BANDAVAIL6,6,931,148.0,0.0
932,BW03,RAISE60SEC,BANDAVAIL6,4,932,148.0,0.0
933,BW03,RAISE6SEC,BANDAVAIL6,4,933,148.0,0.0
934,BW04,ENERGY,BANDAVAIL6,20,934,67.18,0.0
935,BW04,LOWER5MIN,BANDAVAIL6,2,935,148.0,0.0
936,BW04,LOWER60SEC,BANDAVAIL6,2,936,148.0,0.0
937,BW04,LOWER6SEC,BANDAVAIL6,2,937,148.0,0.0
938,BW04,LOWERREG,BANDAVAIL6,4,938,148.0,0.0
939,BW04,RAISE5MIN,BANDAVAIL6,6,939,148.0,0.0
940,BW04,RAISE60SEC,BANDAVAIL6,4,940,148.0,0.0
941,BW04,RAISE6SEC,BANDAVAIL6,4,941,148.0,0.0
942,DARTM1,LOWER60SEC,BANDAVAIL6,5,942,10.0,0.0
943,DARTM1,LOWER6SEC,BANDAVAIL6,5,943,10.0,0.0
944,DDPS1,ENERGY,BANDAVAIL6,660,944,82.13,0.0
945,EILDON1,LOWER60SEC,BANDAVAIL6,4,945,10.0,0.0
946,EILDON1,RAISEREG,BANDAVAIL6,4,946,10.0,0.0
947,EILDON2,LOWER60SEC,BANDAVAIL6,4,947,10.0,0.0
948,EILDON2,RAISEREG,BANDAVAIL6,4,948,10.0,0.0
949,GORDON,ENERGY,BANDAVAIL6,41,949,93.29,0.0
950,GSTONE1,LOWER60SEC,BANDAVAIL6,2,950,17.99,0.0
951,GSTONE1,LOWER6SEC,BANDAVAIL6,5,951,17.99,0.0
952,GSTONE1,LOWERREG,BANDAVAIL6,5,952,19.79,5.0
953,GSTONE1,RAISE60SEC,BANDAVAIL6,2,953,9.8,0.0
954,GSTONE1,RAISE6SEC,BANDAVAIL6,2,954,9.8,0.0
955,GSTONE2,ENERGY,BANDAVAIL6,40,955,72.46,0.0
956,GSTONE5,LOWER60SEC,BANDAVAIL6,2,956,17.99,0.0
957,GSTONE5,LOWER6SEC,BANDAVAIL6,5,957,17.99,0.0
958,GSTONE5,LOWERREG,BANDAVAIL6,5,958,19.79,5.0
959,GSTONE5,RAISE60SEC,BANDAVAIL6,2,959,9.57,0.0
960,GSTONE5,RAISE6SEC,BANDAVAIL6,2,960,9.8,0.0
961,GSTONE6,LOWER60SEC,BANDAVAIL6,2,961,17.99,0.0
962,GSTONE6,LOWER6SEC,BANDAVAIL6,5,962,17.99,0.0
963,GSTONE6,LOWERREG,BANDAVAIL6,5,963,19.79,5.0
964,GSTONE6,RAISE60SEC,BANDAVAIL6,2,964,9.57,0.0
965,GSTONE6,RAISE6SEC,BANDAVAIL6,2,965,9.8,0.0
966,GUNNING1,ENERGY,BANDAVAIL6,47,966,10.0,0.0
967,JBUTTERS,ENERGY,BANDAVAIL6,101,967,91.11,0.0
968,JBUTTERS,LOWERREG,BANDAVAIL6,124,968,30.0,0.0
969,LD01,LOWER60SEC,BANDAVAIL6,2,969,148.0,0.0
970,LD01,LOWER6SEC,BANDAVAIL6,2,970,148.0,0.0
971,LD01,RAISE60SEC,BANDAVAIL6,3,971,148.0,0.0
972,LD01,RAISE6SEC,BANDAVAIL6,3,972,88.0,0.0
973,LD02,LOWER60SEC,BANDAVAIL6,2,973,148.0,0.0
974,LD02,LOWER6SEC,BANDAVAIL6,2,974,148.0,0.0
975,LD02,RAISE60SEC,BANDAVAIL6,3,975,148.0,0.0
976,LD02,RAISE6SEC,BANDAVAIL6,3,976,88.0,0.0
977,LD03,LOWER60SEC,BANDAVAIL6,2,977,148.0,0.0
978,LD03,LOWER6SEC,BANDAVAIL6,2,978,148.0,0.0
979,LD03,RAISE60SEC,BANDAVAIL6,3,979,148.0,0.0
980,LD03,RAISE6SEC,BANDAVAIL6,3,980,88.0,0.0
981,LD04,LOWER60SEC,BANDAVAIL6,2,981,148.0,0.0
982,LD04,LOWER6SEC,BANDAVAIL6,2,982,148.0,0.0
983,LD04,RAISE60SEC,BANDAVAIL6,3,983,148.0,0.0
984,LD04,RAISE6SEC,BANDAVAIL6,3,984,88.0,0.0
985,LOYYB1,LOWER5MIN,BANDAVAIL6,10,985,0.79,0.0
986,LOYYB1,LOWERREG,BANDAVAIL6,30,986,929.99,0.0
987,LOYYB1,RAISE5MIN,BANDAVAIL6,18,987,14.99,0.0
988,LOYYB1,RAISE60SEC,BANDAVAIL6,18,988,14.99,0.0
989,LOYYB1,RAISE6SEC,BANDAVAIL6,18,989,14.99,0.0
990,LOYYB1,RAISEREG,BANDAVAIL6,20,990,647.99,0.0
991,LOYYB2,LOWER5MIN,BANDAVAIL6,10,991,0.79,0.0
992,LOYYB2,LOWERREG,BANDAVAIL6,35,992,929.99,0.0
993,LOYYB2,RAISE5MIN,BANDAVAIL6,18,993,14.99,0.0
994,LOYYB2,RAISE60SEC,BANDAVAIL6,18,994,14.99,0.0
995,LOYYB2,RAISE6SEC,BANDAVAIL6,18,995,14.99,0.0
996,LOYYB2,RAISEREG,BANDAVAIL6,20,996,647.99,0.0
997,LYA1,LOWER5MIN,BANDAVAIL6,20,997,10.0,0.0
998,LYA1,LOWER60SEC,BANDAVAIL6,20,998,10.0,0.0
999,LYA1,LOWER6SEC,BANDAVAIL6,20,999,10.0,0.0
1000,LYA1,LOWERREG,BANDAVAIL6,5,1000,9.0,5.0
1001,LYA1,RAISE5MIN,BANDAVAIL6,10,1001,10.0,0.0
1002,LYA2,LOWER5MIN,BANDAVAIL6,20,1002,10.0,0.0
1003,LYA2,LOWER60SEC,BANDAVAIL6,20,1003,10.0,0.0
1004,LYA2,LOWER6SEC,BANDAVAIL6,20,1004,10.0,0.0
1005,LYA2,LOWERREG,BANDAVAIL6,5,1005,9.0,5.0
1006,LYA3,LOWER5MIN,BANDAVAIL6,20,1006,10.0,0.0
1007,LYA3,LOWER60SEC,BANDAVAIL6,20,1007,10.0,0.0
1008,LYA3,LOWER6SEC,BANDAVAIL6,20,1008,10.0,0.0
1009,LYA3,LOWERREG,BANDAVAIL6,5,1009,9.0,5.0
1010,LYA3,RAISE5MIN,BANDAVAIL6,10,1010,10.0,0.0
1011,LYA4,LOWER5MIN,BANDAVAIL6,20,1011,10.0,0.0
1012,LYA4,LOWER60SEC,BANDAVAIL6,20,1012,10.0,0.0
1013,LYA4,LOWER6SEC,BANDAVAIL6,20,1013,10.0,0.0
1014,LYA4,LOWERREG,BANDAVAIL6,5,1014,9.0,5.0
1015,LYA4,RAISE5MIN,BANDAVAIL6,10,1015,10.0,0.0
1016,MCKAY1,LOWER60SEC,BANDAVAIL6,5,1016,10.0,0.0
1017,MCKAY1,LOWER6SEC,BANDAVAIL6,1,1017,10.0,0.0
1018,MEADOWBK,RAISE6SEC,BANDAVAIL6,4,1018,10.0,0.0
1019,MP1,LOWER5MIN,BANDAVAIL6,5,1019,9.9,0.0
1020,MP1,LOWER60SEC,BANDAVAIL6,5,1020,49.9,0.0
1021,MP1,LOWERREG,BANDAVAIL6,20,1021,29.0,0.0
1022,MP2,LOWER5MIN,BANDAVAIL6,5,1022,9.9,0.0
1023,MP2,LOWER60SEC,BANDAVAIL6,5,1023,49.9,0.0
1024,MP2,LOWERREG,BANDAVAIL6,20,1024,67.0,0.0
1025,MP2,RAISE5MIN,BANDAVAIL6,20,1025,45.0,0.0
1026,MP2,RAISE60SEC,BANDAVAIL6,20,1026,30.0,0.0
1027,MP2,RAISE6SEC,BANDAVAIL6,20,1027,22.5,0.0
1028,MP2,RAISEREG,BANDAVAIL6,20,1028,107.2,0.0
1029,PTSTAN1,ENERGY,BANDAVAIL6,65,1029,353.2,0.0
1030,STAN-1,LOWERREG,BANDAVAIL6,2,1030,99.0,0.0
1031,STAN-1,RAISEREG,BANDAVAIL6,4,1031,99.0,0.0
1032,STAN-4,LOWERREG,BANDAVAIL6,2,1032,99.0,0.0
1033,STAN-4,RAISEREG,BANDAVAIL6,4,1033,99.0,0.0
1034,TARONG#2,LOWERREG,BANDAVAIL6,2,1034,99.0,0.0
1035,TARONG#2,RAISEREG,BANDAVAIL6,4,1035,99.0,0.0
1036,TARONG#3,LOWERREG,BANDAVAIL6,2,1036,99.0,0.0
1037,TARONG#3,RAISEREG,BANDAVAIL6,4,1037,99.0,0.0
1038,TORRA1,ENERGY,BANDAVAIL6,5,1038,300.41,0.0
1039,TORRB2,ENERGY,BANDAVAIL6,10,1039,300.41,0.0
1040,TORRB3,ENERGY,BANDAVAIL6,10,1040,300.41,0.0
1041,TORRB4,ENERGY,BANDAVAIL6,10,1041,300.41,0.0
1042,TUMUT3,RAISE5MIN,BANDAVAIL6,75,1042,100.0,0.0
1043,POAT110,ENERGY,BANDAVAIL6,22,1043,94.68,0.0
1044,POAT110,LOWERREG,BANDAVAIL6,62,1044,30.0,0.0
1045,CALL_B_1,LOWER60SEC,BANDAVAIL6,5,1045,9.99,0.0
1046,CALL_B_1,LOWER5MIN,BANDAVAIL6,5,1046,9.99,0.0
1047,CALL_B_1,LOWER6SEC,BANDAVAIL6,5,1047,9.99,0.0
1048,POAT220,LOWERREG,BANDAVAIL6,123,1048,30.0,0.0
1049,POAT220,ENERGY,BANDAVAIL6,41,1049,95.71,0.0
1050,PPCCGT,ENERGY,BANDAVAIL6,100,1050,351.01,0.0
1051,UPPTUMUT,LOWER5MIN,BANDAVAIL6,40,1051,100.0,0.0
1052,UPPTUMUT,LOWERREG,BANDAVAIL6,40,1052,100.0,0.0
1053,UPPTUMUT,RAISE5MIN,BANDAVAIL6,40,1053,100.0,0.0
1054,UPPTUMUT,RAISEREG,BANDAVAIL6,40,1054,100.0,0.0
1055,VP5,ENERGY,BANDAVAIL6,50,1055,68.92,0.0
1056,VP5,LOWER5MIN,BANDAVAIL6,5,1056,20.0,0.0
1057,VP5,LOWER60SEC,BANDAVAIL6,5,1057,50.0,0.0
1058,VP5,LOWER6SEC,BANDAVAIL6,5,1058,50.0,0.0
1059,VP5,LOWERREG,BANDAVAIL6,5,1059,50.0,0.0
1060,VP6,ENERGY,BANDAVAIL6,50,1060,68.92,0.0
1061,VP6,LOWER5MIN,BANDAVAIL6,5,1061,20.0,0.0
1062,VP6,LOWER60SEC,BANDAVAIL6,5,1062,50.0,0.0
1063,VP6,LOWER6SEC,BANDAVAIL6,5,1063,50.0,0.0
1064,VP6,LOWERREG,BANDAVAIL6,5,1064,50.0,0.0
1065,YABULU,ENERGY,BANDAVAIL6,91,1065,151.08,0.0
1066,YABULU2,ENERGY,BANDAVAIL6,24,1066,148.67,0.0
1067,YWPS1,RAISE5MIN,BANDAVAIL6,5,1067,30.03,0.0
1068,YWPS1,RAISE60SEC,BANDAVAIL6,10,1068,39.0,0.0
1069,YWPS2,RAISE5MIN,BANDAVAIL6,5,1069,30.03,0.0
1070,YWPS2,RAISE60SEC,BANDAVAIL6,10,1070,39.0,0.0
1071,YWPS3,RAISE60SEC,BANDAVAIL6,5,1071,39.0,0.0
1072,YWPS4,RAISE60SEC,BANDAVAIL6,5,1072,39.0,0.0
1073,AGLHAL,ENERGY,BANDAVAIL7,60,1073,573.02,0.0
1074,APD01,RAISE5MIN,BANDAVAIL7,20,1074,56.99,0.0
1075,APD01,RAISE60SEC,BANDAVAIL7,20,1075,57.55,0.0
1076,BRAEMAR2,ENERGY,BANDAVAIL7,165,1076,242.65,0.0
1077,BW01,ENERGY,BANDAVAIL7,20,1077,92.98,0.0
1078,BW01,LOWER5MIN,BANDAVAIL7,2,1078,648.0,0.0
1079,BW01,LOWER60SEC,BANDAVAIL7,2,1079,648.0,0.0
1080,BW01,LOWER6SEC,BANDAVAIL7,2,1080,648.0,0.0
1081,BW01,LOWERREG,BANDAVAIL7,4,1081,648.0,0.0
1082,BW01,RAISE5MIN,BANDAVAIL7,4,1082,648.0,0.0
1083,BW01,RAISE60SEC,BANDAVAIL7,4,1083,648.0,0.0
1084,BW01,RAISE6SEC,BANDAVAIL7,4,1084,648.0,0.0
1085,BW02,ENERGY,BANDAVAIL7,20,1085,92.98,0.0
1086,BW02,LOWER5MIN,BANDAVAIL7,2,1086,648.0,0.0
1087,BW02,LOWER60SEC,BANDAVAIL7,2,1087,648.0,0.0
1088,BW02,LOWER6SEC,BANDAVAIL7,2,1088,648.0,0.0
1089,BW02,LOWERREG,BANDAVAIL7,4,1089,648.0,0.0
1090,BW02,RAISE5MIN,BANDAVAIL7,4,1090,648.0,0.0
1091,BW02,RAISE60SEC,BANDAVAIL7,4,1091,648.0,0.0
1092,BW02,RAISE6SEC,BANDAVAIL7,4,1092,648.0,0.0
1093,BW03,ENERGY,BANDAVAIL7,10,1093,93.11,0.0
1094,BW03,LOWER5MIN,BANDAVAIL7,2,1094,648.0,0.0
1095,BW03,LOWER60SEC,BANDAVAIL7,2,1095,648.0,0.0
1096,BW03,LOWER6SEC,BANDAVAIL7,2,1096,648.0,0.0
1097,BW03,LOWERREG,BANDAVAIL7,4,1097,648.0,0.0
1098,BW03,RAISE5MIN,BANDAVAIL7,4,1098,648.0,0.0
1099,BW03,RAISE60SEC,BANDAVAIL7,4,1099,648.0,0.0
1100,BW03,RAISE6SEC,BANDAVAIL7,4,1100,648.0,0.0
1101,BW04,ENERGY,BANDAVAIL7,20,1101,93.11,0.0
1102,BW04,LOWER5MIN,BANDAVAIL7,2,1102,648.0,0.0
1103,BW04,LOWER60SEC,BANDAVAIL7,2,1103,648.0,0.0
1104,BW04,LOWER6SEC,BANDAVAIL7,2,1104,648.0,0.0
1105,BW04,LOWERREG,BANDAVAIL7,4,1105,648.0,0.0
1106,BW04,RAISE5MIN,BANDAVAIL7,4,1106,648.0,0.0
1107,BW04,RAISE60SEC,BANDAVAIL7,4,1107,648.0,0.0
1108,BW04,RAISE6SEC,BANDAVAIL7,4,1108,648.0,0.0
1109,DRYCGT3,ENERGY,BANDAVAIL7,15,1109,1751.94,0.0
1110,GSTONE1,ENERGY,BANDAVAIL7,30,1110,95.33,0.0
1111,GSTONE1,LOWER60SEC,BANDAVAIL7,3,1111,28.99,0.0
1112,GSTONE1,LOWERREG,BANDAVAIL7,5,1112,20.79,0.0
1113,GSTONE1,RAISE60SEC,BANDAVAIL7,2,1113,13.49,0.0
1114,GSTONE1,RAISE6SEC,BANDAVAIL7,2,1114,13.49,0.0
1115,GSTONE2,ENERGY,BANDAVAIL7,30,1115,95.33,0.0
1116,GSTONE3,ENERGY,BANDAVAIL7,30,1116,94.74,0.0
1117,GSTONE5,ENERGY,BANDAVAIL7,5,1117,95.33,0.0
1118,GSTONE5,LOWER60SEC,BANDAVAIL7,3,1118,28.99,0.0
1119,GSTONE5,LOWERREG,BANDAVAIL7,5,1119,20.79,0.0
1120,GSTONE5,RAISE60SEC,BANDAVAIL7,2,1120,18.65,0.0
1121,GSTONE5,RAISE6SEC,BANDAVAIL7,2,1121,13.49,0.0
1122,GSTONE6,ENERGY,BANDAVAIL7,30,1122,95.33,0.0
1123,GSTONE6,LOWER60SEC,BANDAVAIL7,3,1123,28.99,0.0
1124,GSTONE6,LOWERREG,BANDAVAIL7,5,1124,20.79,0.0
1125,GSTONE6,RAISE60SEC,BANDAVAIL7,2,1125,18.65,0.0
1126,GSTONE6,RAISE6SEC,BANDAVAIL7,2,1126,13.49,0.0
1127,GUNNING1,ENERGY,BANDAVAIL7,47,1127,20.0,0.0
1128,JBUTTERS,ENERGY,BANDAVAIL7,33,1128,104.56,0.0
1129,LD01,LOWER60SEC,BANDAVAIL7,2,1129,648.0,0.0
1130,LD01,LOWER6SEC,BANDAVAIL7,2,1130,648.0,0.0
1131,LD01,RAISE60SEC,BANDAVAIL7,3,1131,648.0,0.0
1132,LD01,RAISE6SEC,BANDAVAIL7,3,1132,148.0,0.0
1133,LD02,LOWER60SEC,BANDAVAIL7,2,1133,648.0,0.0
1134,LD02,LOWER6SEC,BANDAVAIL7,2,1134,648.0,0.0
1135,LD02,RAISE60SEC,BANDAVAIL7,3,1135,648.0,0.0
1136,LD02,RAISE6SEC,BANDAVAIL7,3,1136,148.0,0.0
1137,LD03,LOWER60SEC,BANDAVAIL7,2,1137,648.0,0.0
1138,LD03,LOWER6SEC,BANDAVAIL7,2,1138,648.0,0.0
1139,LD03,RAISE60SEC,BANDAVAIL7,3,1139,648.0,0.0
1140,LD03,RAISE6SEC,BANDAVAIL7,3,1140,148.0,0.0
1141,LD04,LOWER60SEC,BANDAVAIL7,2,1141,648.0,0.0
1142,LD04,LOWER6SEC,BANDAVAIL7,2,1142,648.0,0.0
1143,LD04,RAISE60SEC,BANDAVAIL7,3,1143,648.0,0.0
1144,LD04,RAISE6SEC,BANDAVAIL7,3,1144,148.0,0.0
1145,LOYYB1,RAISE5MIN,BANDAVAIL7,25,1145,99.99,0.0
1146,LOYYB1,RAISE60SEC,BANDAVAIL7,25,1146,99.99,0.0
1147,LOYYB1,RAISE6SEC,BANDAVAIL7,25,1147,99.99,0.0
1148,LOYYB1,RAISEREG,BANDAVAIL7,50,1148,1259.81,0.0
1149,LOYYB2,RAISE5MIN,BANDAVAIL7,25,1149,99.99,0.0
1150,LOYYB2,RAISE60SEC,BANDAVAIL7,25,1150,99.99,0.0
1151,LOYYB2,RAISE6SEC,BANDAVAIL7,25,1151,99.99,0.0
1152,LOYYB2,RAISEREG,BANDAVAIL7,50,1152,1259.81,0.0
1153,LYA1,LOWERREG,BANDAVAIL7,20,1153,20.0,11.35001
1154,LYA2,LOWERREG,BANDAVAIL7,20,1154,100.0,0.0
1155,LYA2,RAISE5MIN,BANDAVAIL7,30,1155,100.0,0.0
1156,LYA3,LOWERREG,BANDAVAIL7,20,1156,100.0,0.0
1157,LYA4,LOWERREG,BANDAVAIL7,20,1157,100.0,0.0
1158,MP1,LOWER5MIN,BANDAVAIL7,5,1158,99.0,0.0
1159,MP1,LOWER60SEC,BANDAVAIL7,5,1159,245.5,0.0
1160,MP1,LOWER6SEC,BANDAVAIL7,10,1160,99.99,0.0
1161,MP1,LOWERREG,BANDAVAIL7,20,1161,230.0,0.0
1162,MP2,LOWER5MIN,BANDAVAIL7,5,1162,99.0,0.0
1163,MP2,LOWER60SEC,BANDAVAIL7,5,1163,245.5,0.0
1164,MP2,LOWER6SEC,BANDAVAIL7,10,1164,99.99,0.0
1165,MP2,LOWERREG,BANDAVAIL7,20,1165,490.0,0.0
1166,MP2,RAISE5MIN,BANDAVAIL7,20,1166,95.0,0.0
1167,MP2,RAISE60SEC,BANDAVAIL7,20,1167,51.0,0.0
1168,MP2,RAISE6SEC,BANDAVAIL7,6,1168,46.5,0.0
1169,MP2,RAISEREG,BANDAVAIL7,20,1169,248.2,0.0
1170,SNUG1,ENERGY,BANDAVAIL7,63,1170,1473.02,0.0
1171,STAN-1,LOWERREG,BANDAVAIL7,2,1171,300.0,0.0
1172,STAN-1,RAISEREG,BANDAVAIL7,4,1172,300.0,0.0
1173,STAN-4,LOWERREG,BANDAVAIL7,2,1173,300.0,0.0
1174,STAN-4,RAISEREG,BANDAVAIL7,4,1174,300.0,0.0
1175,TARONG#2,LOWERREG,BANDAVAIL7,2,1175,300.0,0.0
1176,TARONG#2,RAISEREG,BANDAVAIL7,4,1176,300.0,0.0
1177,TARONG#3,LOWERREG,BANDAVAIL7,2,1177,300.0,0.0
1178,TARONG#3,RAISEREG,BANDAVAIL7,4,1178,300.0,0.0
1179,TORRA1,ENERGY,BANDAVAIL7,5,1179,350.48,0.0
1180,TORRB2,ENERGY,BANDAVAIL7,10,1180,350.48,0.0
1181,TORRB3,ENERGY,BANDAVAIL7,10,1181,350.48,0.0
1182,TORRB4,ENERGY,BANDAVAIL7,10,1182,350.48,0.0
1183,CALL_B_1,LOWER60SEC,BANDAVAIL7,5,1183,17.99,0.0
1184,CALL_B_1,LOWER5MIN,BANDAVAIL7,5,1184,17.99,0.0
1185,CALL_B_1,LOWER6SEC,BANDAVAIL7,5,1185,17.99,0.0
1186,UPPTUMUT,ENERGY,BANDAVAIL7,150,1186,92.97,0.0
1187,UPPTUMUT,LOWER5MIN,BANDAVAIL7,60,1187,250.0,0.0
1188,UPPTUMUT,LOWERREG,BANDAVAIL7,60,1188,250.0,0.0
1189,UPPTUMUT,RAISE5MIN,BANDAVAIL7,60,1189,250.0,0.0
1190,UPPTUMUT,RAISEREG,BANDAVAIL7,60,1190,250.0,0.0
1191,URANQ11,ENERGY,BANDAVAIL7,166,1191,230.38,0.0
1192,URANQ13,ENERGY,BANDAVAIL7,166,1192,230.38,0.0
1193,VP5,ENERGY,BANDAVAIL7,30,1193,94.59,0.0
1194,VP5,LOWER5MIN,BANDAVAIL7,10,1194,100.0,0.0
1195,VP5,LOWER60SEC,BANDAVAIL7,5,1195,100.0,0.0
1196,VP5,LOWER6SEC,BANDAVAIL7,5,1196,100.0,0.0
1197,VP5,LOWERREG,BANDAVAIL7,5,1197,100.0,0.0
1198,VP5,RAISE60SEC,BANDAVAIL7,3,1198,100.0,0.0
1199,VP5,RAISE6SEC,BANDAVAIL7,3,1199,100.0,0.0
1200,VP5,RAISEREG,BANDAVAIL7,5,1200,48.0,0.0
1201,VP6,ENERGY,BANDAVAIL7,30,1201,94.59,0.0
1202,VP6,LOWER5MIN,BANDAVAIL7,10,1202,100.0,0.0
1203,VP6,LOWER60SEC,BANDAVAIL7,5,1203,100.0,0.0
1204,VP6,LOWER6SEC,BANDAVAIL7,5,1204,100.0,0.0
1205,VP6,LOWERREG,BANDAVAIL7,5,1205,100.0,0.0
1206,VP6,RAISE60SEC,BANDAVAIL7,3,1206,50.0,0.0
1207,VP6,RAISE6SEC,BANDAVAIL7,3,1207,50.0,0.0
1208,VP6,RAISEREG,BANDAVAIL7,5,1208,48.0,0.0
1209,YWPS1,RAISE60SEC,BANDAVAIL7,5,1209,52.0,0.0
1210,YWPS2,RAISE60SEC,BANDAVAIL7,5,1210,52.0,0.0
1211,YWPS3,RAISE60SEC,BANDAVAIL7,5,1211,52.0,0.0
1212,YWPS4,RAISE60SEC,BANDAVAIL7,5,1212,52.0,0.0
1213,YWPS4,RAISEREG,BANDAVAIL7,5,1213,240.0,0.0
1214,BRAEMAR1,ENERGY,BANDAVAIL8,165,1214,296.05,0.0
1215,BRAEMAR3,ENERGY,BANDAVAIL8,165,1215,296.04,0.0
1216,BRAEMAR5,ENERGY,BANDAVAIL8,160,1216,405.93,0.0
1217,BW01,ENERGY,BANDAVAIL8,20,1217,237.79,0.0
1218,BW01,LOWER5MIN,BANDAVAIL8,1,1218,2498.0,0.0
1219,BW01,LOWER60SEC,BANDAVAIL8,1,1219,2498.0,0.0
1220,BW01,LOWER6SEC,BANDAVAIL8,1,1220,2498.0,0.0
1221,BW01,LOWERREG,BANDAVAIL8,4,1221,2498.0,0.0
1222,BW01,RAISE5MIN,BANDAVAIL8,4,1222,2498.0,0.0
1223,BW01,RAISE60SEC,BANDAVAIL8,6,1223,2498.0,0.0
1224,BW01,RAISE6SEC,BANDAVAIL8,6,1224,2498.0,0.0
1225,BW02,ENERGY,BANDAVAIL8,20,1225,237.79,0.0
1226,BW02,LOWER5MIN,BANDAVAIL8,1,1226,2498.0,0.0
1227,BW02,LOWER60SEC,BANDAVAIL8,1,1227,2498.0,0.0
1228,BW02,LOWER6SEC,BANDAVAIL8,1,1228,2498.0,0.0
1229,BW02,LOWERREG,BANDAVAIL8,4,1229,2498.0,0.0
1230,BW02,RAISE5MIN,BANDAVAIL8,4,1230,2498.0,0.0
1231,BW02,RAISE60SEC,BANDAVAIL8,6,1231,2498.0,0.0
1232,BW02,RAISE6SEC,BANDAVAIL8,6,1232,2498.0,0.0
1233,BW03,ENERGY,BANDAVAIL8,10,1233,238.12,0.0
1234,BW03,LOWER5MIN,BANDAVAIL8,1,1234,2498.0,0.0
1235,BW03,LOWER60SEC,BANDAVAIL8,1,1235,2498.0,0.0
1236,BW03,LOWER6SEC,BANDAVAIL8,1,1236,2498.0,0.0
1237,BW03,LOWERREG,BANDAVAIL8,4,1237,2498.0,0.0
1238,BW03,RAISE5MIN,BANDAVAIL8,4,1238,2498.0,0.0
1239,BW03,RAISE60SEC,BANDAVAIL8,6,1239,2498.0,0.0
1240,BW03,RAISE6SEC,BANDAVAIL8,6,1240,2498.0,0.0
1241,BW04,ENERGY,BANDAVAIL8,20,1241,238.12,0.0
1242,BW04,LOWER5MIN,BANDAVAIL8,1,1242,2498.0,0.0
1243,BW04,LOWER60SEC,BANDAVAIL8,1,1243,2498.0,0.0
1244,BW04,LOWER6SEC,BANDAVAIL8,1,1244,2498.0,0.0
1245,BW04,LOWERREG,BANDAVAIL8,4,1245,2498.0,0.0
1246,BW04,RAISE5MIN,BANDAVAIL8,4,1246,2498.0,0.0
1247,BW04,RAISE60SEC,BANDAVAIL8,6,1247,2498.0,0.0
1248,BW04,RAISE6SEC,BANDAVAIL8,6,1248,2498.0,0.0
1249,GSTONE1,ENERGY,BANDAVAIL8,30,1249,285.03,0.0
1250,GSTONE1,LOWER60SEC,BANDAVAIL8,2,1250,145.0,0.0
1251,GSTONE1,LOWER6SEC,BANDAVAIL8,2,1251,145.0,0.0
1252,GSTONE1,LOWERREG,BANDAVAIL8,5,1252,47.0,0.0
1253,GSTONE1,RAISE60SEC,BANDAVAIL8,2,1253,14.79,0.0
1254,GSTONE1,RAISE6SEC,BANDAVAIL8,2,1254,14.79,0.0
1255,GSTONE3,ENERGY,BANDAVAIL8,30,1255,283.29,0.0
1256,GSTONE5,ENERGY,BANDAVAIL8,30,1256,285.03,0.0
1257,GSTONE5,LOWER60SEC,BANDAVAIL8,2,1257,145.0,0.0
1258,GSTONE5,LOWER6SEC,BANDAVAIL8,2,1258,145.0,0.0
1259,GSTONE5,LOWERREG,BANDAVAIL8,5,1259,47.0,0.0
1260,GSTONE5,RAISE60SEC,BANDAVAIL8,2,1260,145.0,0.0
1261,GSTONE5,RAISE6SEC,BANDAVAIL8,2,1261,14.79,0.0
1262,GSTONE6,ENERGY,BANDAVAIL8,30,1262,285.03,0.0
1263,GSTONE6,LOWER60SEC,BANDAVAIL8,2,1263,145.0,0.0
1264,GSTONE6,LOWER6SEC,BANDAVAIL8,2,1264,145.0,0.0
1265,GSTONE6,LOWERREG,BANDAVAIL8,5,1265,47.0,0.0
1266,GSTONE6,RAISE60SEC,BANDAVAIL8,2,1266,145.0,0.0
1267,GSTONE6,RAISE6SEC,BANDAVAIL8,2,1267,14.79,0.0
1268,GUNNING1,ENERGY,BANDAVAIL8,47,1268,30.0,0.0
1269,LD01,LOWER60SEC,BANDAVAIL8,2,1269,2498.0,0.0
1270,LD01,LOWER6SEC,BANDAVAIL8,2,1270,2498.0,0.0
1271,LD01,RAISE60SEC,BANDAVAIL8,3,1271,2498.0,0.0
1272,LD01,RAISE6SEC,BANDAVAIL8,3,1272,648.0,0.0
1273,LD02,LOWER60SEC,BANDAVAIL8,2,1273,2498.0,0.0
1274,LD02,LOWER6SEC,BANDAVAIL8,2,1274,2498.0,0.0
1275,LD02,RAISE60SEC,BANDAVAIL8,3,1275,2498.0,0.0
1276,LD02,RAISE6SEC,BANDAVAIL8,3,1276,648.0,0.0
1277,LD03,LOWER60SEC,BANDAVAIL8,2,1277,2498.0,0.0
1278,LD03,LOWER6SEC,BANDAVAIL8,2,1278,2498.0,0.0
1279,LD03,RAISE60SEC,BANDAVAIL8,3,1279,2498.0,0.0
1280,LD03,RAISE6SEC,BANDAVAIL8,3,1280,648.0,0.0
1281,LD04,LOWER60SEC,BANDAVAIL8,2,1281,2498.0,0.0
1282,LD04,LOWER6SEC,BANDAVAIL8,2,1282,2498.0,0.0
1283,LD04,RAISE60SEC,BANDAVAIL8,3,1283,2498.0,0.0
1284,LD04,RAISE6SEC,BANDAVAIL8,3,1284,648.0,0.0
1285,LOYYB1,RAISE5MIN,BANDAVAIL8,25,1285,1259.81,0.0
1286,LOYYB1,RAISE60SEC,BANDAVAIL8,10,1286,1259.81,0.0
1287,LOYYB1,RAISE6SEC,BANDAVAIL8,10,1287,1259.81,0.0
1288,LOYYB1,RAISEREG,BANDAVAIL8,5,1288,1999.99,0.0
1289,LOYYB2,RAISE5MIN,BANDAVAIL8,25,1289,1259.81,0.0
1290,LOYYB2,RAISE60SEC,BANDAVAIL8,10,1290,1259.81,0.0
1291,LOYYB2,RAISE6SEC,BANDAVAIL8,10,1291,1259.81,0.0
1292,LOYYB2,RAISEREG,BANDAVAIL8,5,1292,1999.99,0.0
1293,LYA1,RAISEREG,BANDAVAIL8,10,1293,1290.2,0.0
1294,LYA2,RAISEREG,BANDAVAIL8,10,1294,1290.2,0.0
1295,LYA3,RAISEREG,BANDAVAIL8,10,1295,1290.2,0.0
1296,LYA4,RAISEREG,BANDAVAIL8,10,1296,1290.2,0.0
1297,MP1,LOWERREG,BANDAVAIL8,20,1297,480.0,0.0
1298,MP2,LOWERREG,BANDAVAIL8,20,1298,2900.0,0.0
1299,MP2,RAISE5MIN,BANDAVAIL8,20,1299,140.0,0.0
1300,MP2,RAISE60SEC,BANDAVAIL8,20,1300,150.0,0.0
1301,MURRAY,ENERGY,BANDAVAIL8,750,1301,278.11,0.0
1302,OAKEY1,ENERGY,BANDAVAIL8,173,1302,1324.16,0.0
1303,OAKEY2,ENERGY,BANDAVAIL8,173,1303,1324.16,0.0
1304,STAN-1,RAISEREG,BANDAVAIL8,4,1304,2000.0,0.0
1305,STAN-4,RAISEREG,BANDAVAIL8,4,1305,2000.0,0.0
1306,TALWA1,ENERGY,BANDAVAIL8,230,1306,288.57,0.0
1307,TARONG#2,RAISEREG,BANDAVAIL8,4,1307,2000.0,0.0
1308,TARONG#3,RAISEREG,BANDAVAIL8,4,1308,2000.0,0.0
1309,TORRA1,ENERGY,BANDAVAIL8,10,1309,485.67,0.0
1310,TORRB2,ENERGY,BANDAVAIL8,20,1310,485.67,0.0
1311,TORRB3,ENERGY,BANDAVAIL8,20,1311,485.67,0.0
1312,TORRB4,ENERGY,BANDAVAIL8,20,1312,485.67,0.0
1313,TUMUT3,ENERGY,BANDAVAIL8,915,1313,296.71,0.0
1314,CALL_B_1,LOWER60SEC,BANDAVAIL8,5,1314,28.99,0.0
1315,CALL_B_1,LOWERREG,BANDAVAIL8,5,1315,47.0,0.0
1316,CALL_B_1,RAISE60SEC,BANDAVAIL8,5,1316,47.0,0.0
1317,CALL_B_1,RAISE6SEC,BANDAVAIL8,5,1317,47.0,0.0
1318,CALL_B_1,LOWER5MIN,BANDAVAIL8,5,1318,28.99,0.0
1319,CALL_B_1,RAISEREG,BANDAVAIL8,5,1319,47.0,0.0
1320,CALL_B_1,LOWER6SEC,BANDAVAIL8,5,1320,28.99,0.0
1321,UPPTUMUT,ENERGY,BANDAVAIL8,135,1321,297.89,0.0
1322,VP5,LOWER5MIN,BANDAVAIL8,10,1322,300.0,0.0
1323,VP5,LOWER60SEC,BANDAVAIL8,10,1323,300.0,0.0
1324,VP5,LOWER6SEC,BANDAVAIL8,10,1324,300.0,0.0
1325,VP5,LOWERREG,BANDAVAIL8,10,1325,300.0,0.0
1326,VP5,RAISEREG,BANDAVAIL8,10,1326,100.0,0.0
1327,VP6,LOWER5MIN,BANDAVAIL8,10,1327,300.0,0.0
1328,VP6,LOWER60SEC,BANDAVAIL8,10,1328,300.0,0.0
1329,VP6,LOWER6SEC,BANDAVAIL8,10,1329,300.0,0.0
1330,VP6,LOWERREG,BANDAVAIL8,10,1330,300.0,0.0
1331,VP6,RAISEREG,BANDAVAIL8,10,1331,100.0,0.0
1332,WKIEWA1,LOWER60SEC,BANDAVAIL8,2,1332,500.0,0.0
1333,WKIEWA1,LOWER6SEC,BANDAVAIL8,2,1333,500.0,0.0
1334,WKIEWA2,LOWER60SEC,BANDAVAIL8,2,1334,500.0,0.0
1335,WKIEWA2,LOWER6SEC,BANDAVAIL8,2,1335,500.0,0.0
1336,YWPS1,RAISE5MIN,BANDAVAIL8,5,1336,100.0,0.0
1337,YWPS1,RAISEREG,BANDAVAIL8,15,1337,450.5,0.0
1338,YWPS2,LOWERREG,BANDAVAIL8,15,1338,240.9,0.0
1339,YWPS2,RAISE5MIN,BANDAVAIL8,5,1339,100.0,0.0
1340,YWPS2,RAISEREG,BANDAVAIL8,15,1340,450.5,0.0
1341,YWPS4,LOWERREG,BANDAVAIL8,20,1341,240.9,0.0
1342,YWPS4,RAISEREG,BANDAVAIL8,10,1342,450.5,0.0
1343,APD01,RAISE5MIN,BANDAVAIL9,50,1343,2399.0,0.0
1344,APD01,RAISE60SEC,BANDAVAIL9,50,1344,2399.0,0.0
1345,APD01,RAISE6SEC,BANDAVAIL9,35,1345,2399.0,0.0
1346,BASTYAN,ENERGY,BANDAVAIL9,81,1346,343.88,0.0
1347,BBTHREE1,ENERGY,BANDAVAIL9,40,1347,362.42,0.0
1348,BBTHREE2,ENERGY,BANDAVAIL9,40,1348,362.4,0.0
1349,BBTHREE3,ENERGY,BANDAVAIL9,25,1349,362.38,0.0
1350,BRAEMAR6,ENERGY,BANDAVAIL9,160,1350,2053.23,0.0
1351,BRAEMAR7,ENERGY,BANDAVAIL9,160,1351,2053.32,0.0
1352,BW01,ENERGY,BANDAVAIL9,20,1352,336.57,0.0
1353,BW01,LOWER5MIN,BANDAVAIL9,1,1353,6088.0,0.0
1354,BW01,LOWER60SEC,BANDAVAIL9,1,1354,6088.0,0.0
1355,BW01,LOWER6SEC,BANDAVAIL9,1,1355,6088.0,0.0
1356,BW01,LOWERREG,BANDAVAIL9,4,1356,6088.0,0.0
1357,BW01,RAISE5MIN,BANDAVAIL9,4,1357,6088.0,0.0
1358,BW01,RAISE60SEC,BANDAVAIL9,6,1358,6088.0,0.0
1359,BW01,RAISE6SEC,BANDAVAIL9,6,1359,6088.0,0.0
1360,BW02,ENERGY,BANDAVAIL9,20,1360,336.57,0.0
1361,BW02,LOWER5MIN,BANDAVAIL9,1,1361,6088.0,0.0
1362,BW02,LOWER60SEC,BANDAVAIL9,1,1362,6088.0,0.0
1363,BW02,LOWER6SEC,BANDAVAIL9,1,1363,6088.0,0.0
1364,BW02,LOWERREG,BANDAVAIL9,4,1364,6088.0,0.0
1365,BW02,RAISE5MIN,BANDAVAIL9,4,1365,6088.0,0.0
1366,BW02,RAISE60SEC,BANDAVAIL9,6,1366,6088.0,0.0
1367,BW02,RAISE6SEC,BANDAVAIL9,6,1367,6088.0,0.0
1368,BW03,ENERGY,BANDAVAIL9,10,1368,337.03,0.0
1369,BW03,LOWER5MIN,BANDAVAIL9,1,1369,6088.0,0.0
1370,BW03,LOWER60SEC,BANDAVAIL9,1,1370,6088.0,0.0
1371,BW03,LOWER6SEC,BANDAVAIL9,1,1371,6088.0,0.0
1372,BW03,LOWERREG,BANDAVAIL9,4,1372,6088.0,0.0
1373,BW03,RAISE5MIN,BANDAVAIL9,4,1373,6088.0,0.0
1374,BW03,RAISE60SEC,BANDAVAIL9,6,1374,6088.0,0.0
1375,BW03,RAISE6SEC,BANDAVAIL9,6,1375,6088.0,0.0
1376,BW04,ENERGY,BANDAVAIL9,20,1376,337.03,0.0
1377,BW04,LOWER5MIN,BANDAVAIL9,1,1377,6088.0,0.0
1378,BW04,LOWER60SEC,BANDAVAIL9,1,1378,6088.0,0.0
1379,BW04,LOWER6SEC,BANDAVAIL9,1,1379,6088.0,0.0
1380,BW04,LOWERREG,BANDAVAIL9,4,1380,6088.0,0.0
1381,BW04,RAISE5MIN,BANDAVAIL9,4,1381,6088.0,0.0
1382,BW04,RAISE60SEC,BANDAVAIL9,6,1382,6088.0,0.0
1383,BW04,RAISE6SEC,BANDAVAIL9,6,1383,6088.0,0.0
1384,CETHANA,ENERGY,BANDAVAIL9,100,1384,352.17,0.0
1385,DARTM1,LOWER60SEC,BANDAVAIL9,10,1385,2000.0,0.0
1386,DEVILS_G,ENERGY,BANDAVAIL9,63,1386,351.32,0.0
1387,DRYCGT1,ENERGY,BANDAVAIL9,50,1387,13314.64,0.0
1388,DRYCGT2,ENERGY,BANDAVAIL9,50,1388,13314.64,0.0
1389,DRYCGT3,ENERGY,BANDAVAIL9,50,1389,13314.64,0.0
1390,EILDON1,LOWER60SEC,BANDAVAIL9,5,1390,2000.0,0.0
1391,EILDON1,LOWER6SEC,BANDAVAIL9,2,1391,2000.0,0.0
1392,EILDON1,RAISEREG,BANDAVAIL9,5,1392,2000.0,0.0
1393,EILDON2,LOWER60SEC,BANDAVAIL9,5,1393,2000.0,0.0
1394,EILDON2,LOWER6SEC,BANDAVAIL9,2,1394,2000.0,0.0
1395,EILDON2,RAISEREG,BANDAVAIL9,5,1395,2000.0,0.0
1396,GSTONE1,LOWER60SEC,BANDAVAIL9,2,1396,1200.0,0.0
1397,GSTONE1,LOWER6SEC,BANDAVAIL9,2,1397,1200.0,0.0
1398,GSTONE1,LOWERREG,BANDAVAIL9,2,1398,13780.0,0.0
1399,GSTONE1,RAISE60SEC,BANDAVAIL9,3,1399,20.79,0.0
1400,GSTONE1,RAISE6SEC,BANDAVAIL9,3,1400,20.79,0.0
1401,GSTONE5,LOWER60SEC,BANDAVAIL9,2,1401,1200.0,0.0
1402,GSTONE5,LOWER6SEC,BANDAVAIL9,2,1402,1200.0,0.0
1403,GSTONE5,LOWERREG,BANDAVAIL9,2,1403,13780.0,0.0
1404,GSTONE5,RAISE60SEC,BANDAVAIL9,3,1404,270.0,0.0
1405,GSTONE5,RAISE6SEC,BANDAVAIL9,3,1405,20.79,0.0
1406,GSTONE6,LOWER60SEC,BANDAVAIL9,2,1406,1200.0,0.0
1407,GSTONE6,LOWER6SEC,BANDAVAIL9,2,1407,1200.0,0.0
1408,GSTONE6,LOWERREG,BANDAVAIL9,2,1408,13780.0,0.0
1409,GSTONE6,RAISE60SEC,BANDAVAIL9,3,1409,270.0,0.0
1410,GSTONE6,RAISE6SEC,BANDAVAIL9,3,1410,20.79,0.0
1411,GUNNING1,ENERGY,BANDAVAIL9,47,1411,35.0,0.0
1412,JLA01,ENERGY,BANDAVAIL9,20,1412,11087.93,0.0
1413,JLA02,ENERGY,BANDAVAIL9,20,1413,11087.93,0.0
1414,JLA04,ENERGY,BANDAVAIL9,20,1414,11087.93,0.0
1415,JLB01,ENERGY,BANDAVAIL9,40,1415,9640.82,0.0
1416,JLB02,ENERGY,BANDAVAIL9,40,1416,9640.82,0.0
1417,JLB03,ENERGY,BANDAVAIL9,40,1417,9640.82,0.0
1418,LD01,LOWER60SEC,BANDAVAIL9,2,1418,7198.0,0.0
1419,LD01,LOWER6SEC,BANDAVAIL9,2,1419,7198.0,0.0
1420,LD01,RAISE60SEC,BANDAVAIL9,3,1420,7198.0,0.0
1421,LD01,RAISE6SEC,BANDAVAIL9,3,1421,7198.0,0.0
1422,LD02,LOWER60SEC,BANDAVAIL9,2,1422,7198.0,0.0
1423,LD02,LOWER6SEC,BANDAVAIL9,2,1423,7198.0,0.0
1424,LD02,RAISE60SEC,BANDAVAIL9,3,1424,7198.0,0.0
1425,LD02,RAISE6SEC,BANDAVAIL9,3,1425,7198.0,0.0
1426,LD03,LOWER60SEC,BANDAVAIL9,2,1426,7198.0,0.0
1427,LD03,LOWER6SEC,BANDAVAIL9,2,1427,7198.0,0.0
1428,LD03,RAISE60SEC,BANDAVAIL9,3,1428,7198.0,0.0
1429,LD03,RAISE6SEC,BANDAVAIL9,3,1429,7198.0,0.0
1430,LD04,LOWER60SEC,BANDAVAIL9,2,1430,7198.0,0.0
1431,LD04,LOWER6SEC,BANDAVAIL9,2,1431,7198.0,0.0
1432,LD04,RAISE60SEC,BANDAVAIL9,3,1432,7198.0,0.0
1433,LD04,RAISE6SEC,BANDAVAIL9,3,1433,7198.0,0.0
1434,LEM_WIL,ENERGY,BANDAVAIL9,54,1434,353.02,0.0
1435,LI_WY_CA,ENERGY,BANDAVAIL9,29,1435,362.94,0.0
1436,LOYYB1,ENERGY,BANDAVAIL9,5,1436,3787.69,0.0
1437,LOYYB2,ENERGY,BANDAVAIL9,5,1437,3787.69,0.0
1438,LYA1,LOWER6SEC,BANDAVAIL9,20,1438,5000.0,0.0
1439,LYA2,LOWER5MIN,BANDAVAIL9,20,1439,5000.0,0.0
1440,LYA2,LOWER60SEC,BANDAVAIL9,20,1440,5000.0,0.0
1441,LYA2,LOWER6SEC,BANDAVAIL9,20,1441,5000.0,0.0
1442,LYA3,LOWER60SEC,BANDAVAIL9,20,1442,5000.0,0.0
1443,LYA3,LOWER6SEC,BANDAVAIL9,20,1443,5000.0,0.0
1444,LYA3,RAISE60SEC,BANDAVAIL9,10,1444,5000.0,0.0
1445,LYA4,LOWER60SEC,BANDAVAIL9,20,1445,5000.0,0.0
1446,LYA4,LOWER6SEC,BANDAVAIL9,20,1446,5000.0,0.0
1447,LYA4,RAISE60SEC,BANDAVAIL9,10,1447,5000.0,0.0
1448,MACKNTSH,ENERGY,BANDAVAIL9,85,1448,339.22,0.0
1449,MCKAY1,LOWER60SEC,BANDAVAIL9,9,1449,2000.0,0.0
1450,MCKAY1,LOWER6SEC,BANDAVAIL9,2,1450,2000.0,0.0
1451,MEADOWBK,ENERGY,BANDAVAIL9,38,1451,353.13,0.0
1452,MURRAY,ENERGY,BANDAVAIL9,186,1452,431.37,0.0
1453,REECE1,ENERGY,BANDAVAIL9,119,1453,340.96,0.0
1454,REECE2,ENERGY,BANDAVAIL9,119,1454,340.15,0.0
1455,STAN-1,RAISEREG,BANDAVAIL9,2,1455,13800.0,0.0
1456,STAN-4,RAISEREG,BANDAVAIL9,2,1456,13800.0,0.0
1457,TARONG#2,RAISEREG,BANDAVAIL9,2,1457,13800.0,0.0
1458,TARONG#3,RAISEREG,BANDAVAIL9,2,1458,13800.0,0.0
1459,TARRALEA,ENERGY,BANDAVAIL9,19,1459,342.45,0.6
1460,TRIBUTE,ENERGY,BANDAVAIL9,88,1460,341.78,0.0
1461,TUMUT3,ENERGY,BANDAVAIL9,271,1461,445.17,0.0
1462,TUMUT3,RAISE5MIN,BANDAVAIL9,120,1462,4800.0,0.0
1463,TVPP104,ENERGY,BANDAVAIL9,58,1463,362.36,0.0
1464,POAT110,ENERGY,BANDAVAIL9,1,1464,355.64,0.0
1465,CALL_B_1,LOWER60SEC,BANDAVAIL9,5,1465,1200.0,0.0
1466,CALL_B_1,LOWERREG,BANDAVAIL9,5,1466,1200.0,0.0
1467,CALL_B_1,RAISE60SEC,BANDAVAIL9,5,1467,1200.0,0.0
1468,CALL_B_1,RAISE6SEC,BANDAVAIL9,5,1468,1200.0,0.0
1469,CALL_B_1,LOWER5MIN,BANDAVAIL9,5,1469,1200.0,0.0
1470,CALL_B_1,RAISE5MIN,BANDAVAIL9,5,1470,1200.0,0.0
1471,CALL_B_1,RAISEREG,BANDAVAIL9,5,1471,1200.0,0.0
1472,CALL_B_1,LOWER6SEC,BANDAVAIL9,5,1472,1200.0,0.0
1473,TREVALLN,ENERGY,BANDAVAIL9,18,1473,359.3,0.0
1474,UPPTUMUT,ENERGY,BANDAVAIL9,43,1474,447.04,0.0
1475,VP5,LOWER60SEC,BANDAVAIL9,10,1475,4995.0,0.0
1476,VP5,LOWER6SEC,BANDAVAIL9,10,1476,4995.0,0.0
1477,VP5,LOWERREG,BANDAVAIL9,10,1477,5000.0,0.0
1478,VP5,RAISEREG,BANDAVAIL9,10,1478,300.0,0.0
1479,VP6,ENERGY,BANDAVAIL9,30,1479,283.77,0.0
1480,VP6,LOWER60SEC,BANDAVAIL9,10,1480,4995.0,0.0
1481,VP6,LOWER6SEC,BANDAVAIL9,10,1481,4995.0,0.0
1482,VP6,LOWERREG,BANDAVAIL9,10,1482,5000.0,0.0
1483,VP6,RAISEREG,BANDAVAIL9,10,1483,300.0,0.0
1484,WKIEWA1,LOWER60SEC,BANDAVAIL9,2,1484,2000.0,0.0
1485,WKIEWA1,LOWER6SEC,BANDAVAIL9,3,1485,2000.0,0.0
1486,WKIEWA2,LOWER60SEC,BANDAVAIL9,2,1486,2000.0,0.0
1487,WKIEWA2,LOWER6SEC,BANDAVAIL9,3,1487,2000.0,0.0
1488,YWPS1,LOWERREG,BANDAVAIL9,15,1488,490.9,0.0
1489,AGLHAL,ENERGY,BANDAVAIL10,160,1489,13859.0,0.0
1490,AGLSOM,ENERGY,BANDAVAIL10,170,1490,13772.59,0.0
1491,ANGAST1,ENERGY,BANDAVAIL10,50,1491,14016.62,0.0
1492,APD01,RAISE5MIN,BANDAVAIL10,355,1492,14000.0,0.0
1493,APD01,RAISE60SEC,BANDAVAIL10,355,1493,14000.0,0.0
1494,APD01,RAISE6SEC,BANDAVAIL10,400,1494,14000.0,0.0
1495,BASTYAN,ENERGY,BANDAVAIL10,7,1495,11504.01,0.0
1496,BBTHREE1,ENERGY,BANDAVAIL10,9,1496,12116.05,0.0
1497,BBTHREE2,ENERGY,BANDAVAIL10,9,1497,12116.03,0.0
1498,BBTHREE3,ENERGY,BANDAVAIL10,24,1498,12116.01,0.0
1499,BDL02,ENERGY,BANDAVAIL10,4,1499,14041.04,0.0
1500,BLOWERNG,ENERGY,BANDAVAIL10,70,1500,48.53,0.0
1501,BRAEMAR1,ENERGY,BANDAVAIL10,8,1501,13368.6,0.0
1502,BRAEMAR2,ENERGY,BANDAVAIL10,8,1502,13368.6,0.0
1503,BRAEMAR3,ENERGY,BANDAVAIL10,8,1503,13368.6,0.0
1504,BRAEMAR5,ENERGY,BANDAVAIL10,13,1504,13025.79,0.0
1505,BRAEMAR6,ENERGY,BANDAVAIL10,13,1505,13026.75,0.0
1506,BRAEMAR7,ENERGY,BANDAVAIL10,13,1506,13027.7,0.0
1507,BW01,ENERGY,BANDAVAIL10,50,1507,13425.96,0.0
1508,BW01,LOWER5MIN,BANDAVAIL10,31,1508,13800.0,0.0
1509,BW01,LOWER60SEC,BANDAVAIL10,31,1509,13800.0,0.0
1510,BW01,LOWER6SEC,BANDAVAIL10,31,1510,13800.0,0.0
1511,BW01,LOWERREG,BANDAVAIL10,66,1511,13800.0,0.0
1512,BW01,RAISE5MIN,BANDAVAIL10,4,1512,13800.0,0.0
1513,BW01,RAISE60SEC,BANDAVAIL10,5,1513,13800.0,0.0
1514,BW01,RAISE6SEC,BANDAVAIL10,5,1514,13800.0,0.0
1515,BW01,RAISEREG,BANDAVAIL10,72,1515,13800.0,0.0
1516,BW02,ENERGY,BANDAVAIL10,50,1516,13425.96,0.0
1517,BW02,LOWER5MIN,BANDAVAIL10,31,1517,13800.0,0.0
1518,BW02,LOWER60SEC,BANDAVAIL10,31,1518,13800.0,0.0
1519,BW02,LOWER6SEC,BANDAVAIL10,31,1519,13800.0,0.0
1520,BW02,LOWERREG,BANDAVAIL10,66,1520,13800.0,0.0
1521,BW02,RAISE5MIN,BANDAVAIL10,4,1521,13800.0,0.0
1522,BW02,RAISE60SEC,BANDAVAIL10,5,1522,13800.0,0.0
1523,BW02,RAISE6SEC,BANDAVAIL10,5,1523,13800.0,0.0
1524,BW02,RAISEREG,BANDAVAIL10,72,1524,13800.0,0.0
1525,BW03,ENERGY,BANDAVAIL10,140,1525,13444.16,0.0
1526,BW03,LOWER5MIN,BANDAVAIL10,31,1526,13800.0,0.0
1527,BW03,LOWER60SEC,BANDAVAIL10,31,1527,13800.0,0.0
1528,BW03,LOWER6SEC,BANDAVAIL10,31,1528,13800.0,0.0
1529,BW03,LOWERREG,BANDAVAIL10,66,1529,13800.0,0.0
1530,BW03,RAISE5MIN,BANDAVAIL10,4,1530,13800.0,0.0
1531,BW03,RAISE60SEC,BANDAVAIL10,5,1531,13800.0,0.0
1532,BW03,RAISE6SEC,BANDAVAIL10,5,1532,13800.0,0.0
1533,BW03,RAISEREG,BANDAVAIL10,72,1533,13800.0,0.0
1534,BW04,ENERGY,BANDAVAIL10,30,1534,13444.16,0.0
1535,BW04,LOWER5MIN,BANDAVAIL10,31,1535,13800.0,0.0
1536,BW04,LOWER60SEC,BANDAVAIL10,31,1536,13800.0,0.0
1537,BW04,LOWER6SEC,BANDAVAIL10,31,1537,13800.0,0.0
1538,BW04,LOWERREG,BANDAVAIL10,66,1538,13800.0,0.0
1539,BW04,RAISE5MIN,BANDAVAIL10,4,1539,13800.0,0.0
1540,BW04,RAISE60SEC,BANDAVAIL10,5,1540,13800.0,0.0
1541,BW04,RAISE6SEC,BANDAVAIL10,5,1541,13800.0,0.0
1542,BW04,RAISEREG,BANDAVAIL10,72,1542,13800.0,0.0
1543,CALL_B_2,ENERGY,BANDAVAIL10,35,1543,13238.4,0.0
1544,CG1,ENERGY,BANDAVAIL10,181,1544,13820.8,0.0
1545,CG2,ENERGY,BANDAVAIL10,181,1545,13820.8,0.0
1546,CG3,ENERGY,BANDAVAIL10,181,1546,13820.8,0.0
1547,CG4,ENERGY,BANDAVAIL10,181,1547,13820.8,0.0
1548,CPP_3,ENERGY,BANDAVAIL10,94,1548,13174.0,0.0
1549,CPP_4,ENERGY,BANDAVAIL10,94,1549,13174.0,0.0
1550,CPSA,ENERGY,BANDAVAIL10,6,1550,12050.0,0.0
1551,DARTM1,ENERGY,BANDAVAIL10,185,1551,13638.49,0.0
1552,DARTM1,LOWER60SEC,BANDAVAIL10,70,1552,14000.0,0.0
1553,DARTM1,LOWER6SEC,BANDAVAIL10,10,1553,14000.0,0.0
1554,DEVILS_G,ENERGY,BANDAVAIL10,2,1554,11751.2,0.0
1555,DRYCGT1,ENERGY,BANDAVAIL10,7,1555,14015.4,0.0
1556,DRYCGT2,ENERGY,BANDAVAIL10,7,1556,14015.4,0.0
1557,EILDON1,ENERGY,BANDAVAIL10,60,1557,13823.38,0.0
1558,EILDON1,LOWER60SEC,BANDAVAIL10,50,1558,14000.0,0.0
1559,EILDON1,LOWER6SEC,BANDAVAIL10,9,1559,14000.0,0.0
1560,EILDON1,RAISEREG,BANDAVAIL10,50,1560,14000.0,0.0
1561,EILDON2,ENERGY,BANDAVAIL10,60,1561,13823.37,0.0
1562,EILDON2,LOWER60SEC,BANDAVAIL10,50,1562,14000.0,0.0
1563,EILDON2,LOWER6SEC,BANDAVAIL10,9,1563,14000.0,0.0
1564,EILDON2,RAISEREG,BANDAVAIL10,50,1564,14000.0,0.0
1565,ER01,ENERGY,BANDAVAIL10,50,1565,13760.6,0.0
1566,ER01,LOWER5MIN,BANDAVAIL10,34,1566,14000.0,0.0
1567,ER01,LOWER60SEC,BANDAVAIL10,71,1567,14000.0,0.0
1568,ER01,LOWER6SEC,BANDAVAIL10,43,1568,14000.0,0.0
1569,ER01,LOWERREG,BANDAVAIL10,96,1569,14000.0,0.0
1570,ER01,RAISE5MIN,BANDAVAIL10,34,1570,14000.0,0.0
1571,ER01,RAISE60SEC,BANDAVAIL10,73,1571,14000.0,0.0
1572,ER01,RAISE6SEC,BANDAVAIL10,39,1572,14000.0,0.0
1573,ER01,RAISEREG,BANDAVAIL10,96,1573,14000.0,0.0
1574,ER02,ENERGY,BANDAVAIL10,50,1574,13760.6,0.0
1575,ER03,ENERGY,BANDAVAIL10,50,1575,13784.4,0.0
1576,ER03,LOWER5MIN,BANDAVAIL10,34,1576,14000.0,0.0
1577,ER03,LOWER60SEC,BANDAVAIL10,71,1577,14000.0,0.0
1578,ER03,LOWER6SEC,BANDAVAIL10,43,1578,14000.0,0.0
1579,ER03,LOWERREG,BANDAVAIL10,96,1579,14000.0,0.0
1580,ER03,RAISE5MIN,BANDAVAIL10,34,1580,14000.0,0.0
1581,ER03,RAISE60SEC,BANDAVAIL10,73,1581,14000.0,0.0
1582,ER03,RAISE6SEC,BANDAVAIL10,39,1582,14000.0,0.0
1583,ER03,RAISEREG,BANDAVAIL10,96,1583,14000.0,0.0
1584,ER04,ENERGY,BANDAVAIL10,50,1584,13784.4,0.0
1585,GORDON,ENERGY,BANDAVAIL10,209,1585,11721.99,0.0
1586,GORDON,LOWER5MIN,BANDAVAIL10,300,1586,13800.0,0.0
1587,GORDON,LOWER60SEC,BANDAVAIL10,457,1587,13800.0,0.0
1588,GORDON,LOWER6SEC,BANDAVAIL10,139,1588,13800.0,0.0
1589,GORDON,LOWERREG,BANDAVAIL10,310,1589,13800.0,0.0
1590,GORDON,RAISE5MIN,BANDAVAIL10,331,1590,13800.0,0.0
1591,GORDON,RAISE60SEC,BANDAVAIL10,443,1591,13800.0,0.0
1592,GORDON,RAISE6SEC,BANDAVAIL10,96,1592,13800.0,0.0
1593,GORDON,RAISEREG,BANDAVAIL10,331,1593,13800.0,0.0
1594,GSTONE1,ENERGY,BANDAVAIL10,60,1594,13526.8,0.0
1595,GSTONE1,LOWER60SEC,BANDAVAIL10,1,1595,14000.0,0.0
1596,GSTONE1,LOWERREG,BANDAVAIL10,58,1596,14000.0,0.0
1597,GSTONE1,RAISE60SEC,BANDAVAIL10,6,1597,14000.0,0.0
1598,GSTONE1,RAISE6SEC,BANDAVAIL10,6,1598,14000.0,0.0
1599,GSTONE1,RAISEREG,BANDAVAIL10,50,1599,14000.0,0.0
1600,GSTONE2,ENERGY,BANDAVAIL10,30,1600,13526.8,0.0
1601,GSTONE3,ENERGY,BANDAVAIL10,60,1601,13444.2,0.0
1602,GSTONE5,ENERGY,BANDAVAIL10,50,1602,13526.8,0.0
1603,GSTONE5,LOWER60SEC,BANDAVAIL10,1,1603,14000.0,0.0
1604,GSTONE5,LOWERREG,BANDAVAIL10,58,1604,14000.0,0.0
1605,GSTONE5,RAISE60SEC,BANDAVAIL10,6,1605,14000.0,0.0
1606,GSTONE5,RAISE6SEC,BANDAVAIL10,6,1606,14000.0,0.0
1607,GSTONE5,RAISEREG,BANDAVAIL10,50,1607,14000.0,0.0
1608,GSTONE6,ENERGY,BANDAVAIL10,60,1608,13526.8,0.0
1609,GSTONE6,LOWER60SEC,BANDAVAIL10,1,1609,14000.0,0.0
1610,GSTONE6,LOWERREG,BANDAVAIL10,58,1610,14000.0,0.0
1611,GSTONE6,RAISE60SEC,BANDAVAIL10,6,1611,14000.0,0.0
1612,GSTONE6,RAISE6SEC,BANDAVAIL10,6,1612,14000.0,0.0
1613,GSTONE6,RAISEREG,BANDAVAIL10,50,1613,14000.0,0.0
1614,GUNNING1,ENERGY,BANDAVAIL10,47,1614,100.0,0.0
1615,GUTHEGA,ENERGY,BANDAVAIL10,80,1615,13119.4,0.0
1616,JBUTTERS,LOWER60SEC,BANDAVAIL10,5,1616,13800.0,0.0
1617,JBUTTERS,LOWER6SEC,BANDAVAIL10,5,1617,13800.0,0.0
1618,JBUTTERS,LOWERREG,BANDAVAIL10,10,1618,13800.0,0.0
1619,JBUTTERS,RAISE5MIN,BANDAVAIL10,2,1619,13800.0,0.0
1620,JBUTTERS,RAISE60SEC,BANDAVAIL10,29,1620,13800.0,0.0
1621,JBUTTERS,RAISE6SEC,BANDAVAIL10,8,1621,13800.0,0.0
1622,JBUTTERS,RAISEREG,BANDAVAIL10,2,1622,13800.0,0.0
1623,JLA01,ENERGY,BANDAVAIL10,45,1623,12616.03,0.0
1624,JLA02,ENERGY,BANDAVAIL10,45,1624,12616.03,0.0
1625,JLA03,ENERGY,BANDAVAIL10,65,1625,12616.03,0.0
1626,JLA04,ENERGY,BANDAVAIL10,45,1626,12616.03,0.0
1627,JLB01,ENERGY,BANDAVAIL10,60,1627,12616.03,0.0
1628,JLB02,ENERGY,BANDAVAIL10,60,1628,12616.03,0.0
1629,JLB03,ENERGY,BANDAVAIL10,60,1629,12616.03,0.0
1630,LADBROK1,ENERGY,BANDAVAIL10,50,1630,12420.8,0.0
1631,LADBROK2,ENERGY,BANDAVAIL10,50,1631,12420.8,0.0
1632,LD01,ENERGY,BANDAVAIL10,270,1632,13430.17,0.0
1633,LD01,LOWER60SEC,BANDAVAIL10,78,1633,13800.0,0.0
1634,LD01,LOWER6SEC,BANDAVAIL10,78,1634,13800.0,0.0
1635,LD01,LOWERREG,BANDAVAIL10,19,1635,13800.0,0.0
1636,LD01,RAISE60SEC,BANDAVAIL10,3,1636,13800.0,0.0
1637,LD01,RAISE6SEC,BANDAVAIL10,3,1637,13800.0,0.0
1638,LD01,RAISEREG,BANDAVAIL10,19,1638,13800.0,0.0
1639,LD02,ENERGY,BANDAVAIL10,270,1639,13430.17,0.0
1640,LD02,LOWER60SEC,BANDAVAIL10,78,1640,13800.0,0.0
1641,LD02,LOWER6SEC,BANDAVAIL10,78,1641,13800.0,0.0
1642,LD02,LOWERREG,BANDAVAIL10,19,1642,13800.0,0.0
1643,LD02,RAISE60SEC,BANDAVAIL10,3,1643,13800.0,0.0
1644,LD02,RAISE6SEC,BANDAVAIL10,3,1644,13800.0,0.0
1645,LD02,RAISEREG,BANDAVAIL10,19,1645,13800.0,0.0
1646,LD03,ENERGY,BANDAVAIL10,270,1646,13430.17,0.0
1647,LD03,LOWER60SEC,BANDAVAIL10,78,1647,13800.0,0.0
1648,LD03,LOWER6SEC,BANDAVAIL10,78,1648,13800.0,0.0
1649,LD03,LOWERREG,BANDAVAIL10,19,1649,13800.0,0.0
1650,LD03,RAISE60SEC,BANDAVAIL10,3,1650,13800.0,0.0
1651,LD03,RAISE6SEC,BANDAVAIL10,3,1651,13800.0,0.0
1652,LD03,RAISEREG,BANDAVAIL10,19,1652,13800.0,0.0
1653,LD04,ENERGY,BANDAVAIL10,270,1653,13430.17,0.0
1654,LD04,LOWER60SEC,BANDAVAIL10,78,1654,13800.0,0.0
1655,LD04,LOWER6SEC,BANDAVAIL10,78,1655,13800.0,0.0
1656,LD04,LOWERREG,BANDAVAIL10,19,1656,13800.0,0.0
1657,LD04,RAISE60SEC,BANDAVAIL10,3,1657,13800.0,0.0
1658,LD04,RAISE6SEC,BANDAVAIL10,3,1658,13800.0,0.0
1659,LD04,RAISEREG,BANDAVAIL10,19,1659,13800.0,0.0
1660,LEM_WIL,ENERGY,BANDAVAIL10,32,1660,11810.48,0.0
1661,LI_WY_CA,ENERGY,BANDAVAIL10,108,1661,12148.3,0.0
1662,LI_WY_CA,RAISE5MIN,BANDAVAIL10,131,1662,13800.0,0.0
1663,LI_WY_CA,RAISE60SEC,BANDAVAIL10,91,1663,13800.0,0.0
1664,LI_WY_CA,RAISE6SEC,BANDAVAIL10,17,1664,13800.0,0.0
1665,LNGS1,ENERGY,BANDAVAIL10,172,1665,14014.0,0.0
1666,LNGS2,ENERGY,BANDAVAIL10,172,1666,14014.0,0.0
1667,LONSDALE,ENERGY,BANDAVAIL10,21,1667,14198.04,0.0
1668,LOYYB1,ENERGY,BANDAVAIL10,45,1668,13612.2,0.0
1669,LOYYB2,ENERGY,BANDAVAIL10,45,1669,13612.2,0.0
1670,LYA1,ENERGY,BANDAVAIL10,30,1670,13611.42,0.0
1671,LYA1,LOWER5MIN,BANDAVAIL10,20,1671,13800.0,0.0
1672,LYA1,LOWER60SEC,BANDAVAIL10,30,1672,13800.0,0.0
1673,LYA1,LOWERREG,BANDAVAIL10,20,1673,13800.0,0.0
1674,LYA1,RAISE60SEC,BANDAVAIL10,10,1674,13800.0,0.0
1675,LYA1,RAISEREG,BANDAVAIL10,30,1675,13800.0,0.0
1676,LYA2,ENERGY,BANDAVAIL10,5,1676,13611.42,0.0
1677,LYA2,LOWERREG,BANDAVAIL10,20,1677,13800.0,0.0
1678,LYA2,RAISE60SEC,BANDAVAIL10,10,1678,13800.0,0.0
1679,LYA2,RAISEREG,BANDAVAIL10,30,1679,13800.0,0.0
1680,LYA3,ENERGY,BANDAVAIL10,10,1680,13611.42,0.0
1681,LYA3,LOWER5MIN,BANDAVAIL10,20,1681,13800.0,0.0
1682,LYA3,LOWERREG,BANDAVAIL10,20,1682,13800.0,0.0
1683,LYA3,RAISEREG,BANDAVAIL10,30,1683,13800.0,0.0
1684,LYA4,ENERGY,BANDAVAIL10,20,1684,13611.42,0.0
1685,LYA4,LOWER5MIN,BANDAVAIL10,20,1685,13800.0,0.0
1686,LYA4,LOWERREG,BANDAVAIL10,20,1686,13800.0,0.0
1687,LYA4,RAISEREG,BANDAVAIL10,30,1687,13800.0,0.0
1688,MACKAYGT,ENERGY,BANDAVAIL10,34,1688,13631.8,0.0
1689,MACKAYGT,RAISE5MIN,BANDAVAIL10,21,1689,13800.0,0.0
1690,MACKNTSH,ENERGY,BANDAVAIL10,4,1690,11347.75,0.0
1691,MCKAY1,ENERGY,BANDAVAIL10,300,1691,13263.78,0.0
1692,MCKAY1,LOWER60SEC,BANDAVAIL10,53,1692,14000.0,0.0
1693,MCKAY1,LOWER6SEC,BANDAVAIL10,12,1693,14000.0,0.0
1694,MEADOWBK,LOWER60SEC,BANDAVAIL10,3,1694,13800.0,0.0
1695,MEADOWBK,LOWER6SEC,BANDAVAIL10,2,1695,13800.0,0.0
1696,MEADOWBK,RAISE60SEC,BANDAVAIL10,2,1696,13800.0,0.0
1697,MEADOWBK,RAISE6SEC,BANDAVAIL10,9,1697,13800.0,0.0
1698,MERCER01,ENERGY,BANDAVAIL10,131,1698,13000.0,0.0
1699,MINTARO,ENERGY,BANDAVAIL10,105,1699,13844.6,0.0
1700,MORTLK11,ENERGY,BANDAVAIL10,292,1700,14021.0,0.0
1701,MORTLK12,ENERGY,BANDAVAIL10,292,1701,14021.0,0.0
1702,MSTUART1,ENERGY,BANDAVAIL10,152,1702,13767.6,0.0
1703,MSTUART2,ENERGY,BANDAVAIL10,152,1703,13767.6,0.0
1704,MSTUART3,ENERGY,BANDAVAIL10,139,1704,13767.6,0.0
1705,MURRAY,ENERGY,BANDAVAIL10,1575,1705,13420.25,0.0
1706,OSB-AG,ENERGY,BANDAVAIL10,59,1706,13991.6,0.0
1707,POR01,ENERGY,BANDAVAIL10,55,1707,14015.4,0.0
1708,POR03,ENERGY,BANDAVAIL10,23,1708,14089.6,0.0
1709,PTSTAN1,ENERGY,BANDAVAIL10,65,1709,14127.68,0.0
1710,QPS1,ENERGY,BANDAVAIL10,25,1710,13809.6,0.0
1711,QPS2,ENERGY,BANDAVAIL10,25,1711,13809.6,0.0
1712,QPS3,ENERGY,BANDAVAIL10,25,1712,13809.6,0.0
1713,QPS4,ENERGY,BANDAVAIL10,25,1713,13809.6,0.0
1714,QPS5,ENERGY,BANDAVAIL10,128,1714,13809.6,0.0
1715,REECE2,RAISE6SEC,BANDAVAIL10,11,1715,13800.0,0.0
1716,ROMA_7,ENERGY,BANDAVAIL10,42,1716,13251.43,0.0
1717,ROMA_8,ENERGY,BANDAVAIL10,42,1717,13251.43,0.0
1718,SHGEN,ENERGY,BANDAVAIL10,240,1718,13865.6,0.0
1719,SNOWYGJP,RAISE5MIN,BANDAVAIL10,70,1719,13500.0,0.0
1720,SNOWYGJP,RAISE60SEC,BANDAVAIL10,140,1720,13500.0,0.0
1721,SNOWYGJP,RAISE6SEC,BANDAVAIL10,93,1721,13500.0,0.0
1722,SNUG1,ENERGY,BANDAVAIL10,6,1722,11783.8,0.0
1723,STAN-1,ENERGY,BANDAVAIL10,115,1723,13385.4,0.0
1724,STAN-1,LOWERREG,BANDAVAIL10,20,1724,14000.0,0.0
1725,STAN-1,RAISE60SEC,BANDAVAIL10,60,1725,14000.0,0.0
1726,STAN-1,RAISE6SEC,BANDAVAIL10,60,1726,14000.0,0.0
1727,STAN-1,RAISEREG,BANDAVAIL10,16,1727,14000.0,0.0
1728,STAN-2,ENERGY,BANDAVAIL10,115,1728,13385.4,0.0
1729,STAN-3,ENERGY,BANDAVAIL10,25,1729,13385.4,0.0
1730,STAN-4,LOWERREG,BANDAVAIL10,20,1730,14000.0,0.0
1731,STAN-4,RAISE60SEC,BANDAVAIL10,60,1731,14000.0,0.0
1732,STAN-4,RAISE6SEC,BANDAVAIL10,60,1732,14000.0,0.0
1733,STAN-4,RAISEREG,BANDAVAIL10,16,1733,14000.0,0.0
1734,STAN-4,ENERGY,BANDAVAIL10,165,1734,13385.4,0.0
1735,TALWA1,ENERGY,BANDAVAIL10,20,1735,13399.99,0.0
1736,TARONG#1,ENERGY,BANDAVAIL10,195,1736,13560.4,0.0
1737,TARONG#2,ENERGY,BANDAVAIL10,100,1737,13560.4,0.0
1738,TARONG#2,LOWERREG,BANDAVAIL10,15,1738,14000.0,0.0
1739,TARONG#2,RAISE5MIN,BANDAVAIL10,5,1739,14000.0,0.0
1740,TARONG#2,RAISE60SEC,BANDAVAIL10,25,1740,14000.0,0.0
1741,TARONG#2,RAISE6SEC,BANDAVAIL10,10,1741,14000.0,0.0
1742,TARONG#2,RAISEREG,BANDAVAIL10,4,1742,14000.0,0.0
1743,TARONG#3,ENERGY,BANDAVAIL10,245,1743,13560.4,0.0
1744,TARONG#3,LOWERREG,BANDAVAIL10,15,1744,14000.0,0.0
1745,TARONG#3,RAISE5MIN,BANDAVAIL10,5,1745,14000.0,0.0
1746,TARONG#3,RAISE60SEC,BANDAVAIL10,25,1746,14000.0,0.0
1747,TARONG#3,RAISE6SEC,BANDAVAIL10,10,1747,14000.0,0.0
1748,TARONG#3,RAISEREG,BANDAVAIL10,4,1748,14000.0,0.0
1749,TARONG#4,ENERGY,BANDAVAIL10,195,1749,13560.4,0.0
1750,TARRALEA,ENERGY,BANDAVAIL10,6,1750,11452.04,0.0
1751,TNPS1,ENERGY,BANDAVAIL10,80,1751,13549.2,0.0
1752,TORRA1,ENERGY,BANDAVAIL10,35,1752,14019.6,0.0
1753,TORRB2,ENERGY,BANDAVAIL10,70,1753,14019.6,0.0
1754,TORRB2,LOWER60SEC,BANDAVAIL10,30,1754,13799.99,0.0
1755,TORRB2,LOWER6SEC,BANDAVAIL10,5,1755,13799.99,0.0
1756,TORRB2,LOWERREG,BANDAVAIL10,10,1756,13799.99,0.0
1757,TORRB2,RAISE60SEC,BANDAVAIL10,20,1757,13799.99,0.0
1758,TORRB2,RAISE6SEC,BANDAVAIL10,5,1758,13799.99,0.0
1759,TORRB2,RAISEREG,BANDAVAIL10,25,1759,14000.0,0.0
1760,TORRB3,ENERGY,BANDAVAIL10,70,1760,14019.6,0.0
1761,TORRB3,LOWER60SEC,BANDAVAIL10,30,1761,13799.99,0.0
1762,TORRB3,LOWER6SEC,BANDAVAIL10,5,1762,13799.99,0.0
1763,TORRB3,LOWERREG,BANDAVAIL10,10,1763,13799.99,0.0
1764,TORRB3,RAISE60SEC,BANDAVAIL10,20,1764,13799.99,0.0
1765,TORRB3,RAISE6SEC,BANDAVAIL10,5,1765,13799.99,0.0
1766,TORRB3,RAISEREG,BANDAVAIL10,25,1766,14000.0,0.0
1767,TORRB4,ENERGY,BANDAVAIL10,70,1767,14019.6,0.0
1768,TORRB4,LOWER60SEC,BANDAVAIL10,18,1768,13799.99,0.0
1769,TORRB4,LOWER6SEC,BANDAVAIL10,10,1769,13799.99,0.0
1770,TORRB4,LOWERREG,BANDAVAIL10,10,1770,13799.99,0.0
1771,TORRB4,RAISE60SEC,BANDAVAIL10,8,1771,13799.99,0.0
1772,TORRB4,RAISEREG,BANDAVAIL10,25,1772,14000.0,0.0
1773,TRIBUTE,ENERGY,BANDAVAIL10,4,1773,11432.57,0.0
1774,TUMUT3,ENERGY,BANDAVAIL10,1800,1774,13854.81,0.0
1775,TUMUT3,RAISE5MIN,BANDAVAIL10,500,1775,14000.0,0.0
1776,TVCC201,ENERGY,BANDAVAIL10,7,1776,12114.74,0.0
1777,TVCC201,LOWER60SEC,BANDAVAIL10,90,1777,13800.0,0.0
1778,POAT110,ENERGY,BANDAVAIL10,16,1778,11901.25,0.0
1779,POAT110,LOWER60SEC,BANDAVAIL10,36,1779,13800.0,0.0
1780,POAT110,RAISE60SEC,BANDAVAIL10,45,1780,13800.0,0.0
1781,POAT110,LOWERREG,BANDAVAIL10,38,1781,13800.0,0.0
1782,POAT110,RAISEREG,BANDAVAIL10,44,1782,13800.0,0.0
1783,POAT110,LOWER6SEC,BANDAVAIL10,4,1783,13800.0,0.0
1784,CALL_B_1,LOWER60SEC,BANDAVAIL10,25,1784,14000.0,0.0
1785,CALL_B_1,LOWERREG,BANDAVAIL10,5,1785,14000.0,0.0
1786,CALL_B_1,RAISE60SEC,BANDAVAIL10,25,1786,14000.0,0.0
1787,CALL_B_1,RAISE6SEC,BANDAVAIL10,13,1787,14000.0,0.0
1788,CALL_B_1,LOWER5MIN,BANDAVAIL10,5,1788,14000.0,0.0
1789,CALL_B_1,RAISE5MIN,BANDAVAIL10,10,1789,14000.0,0.0
1790,CALL_B_1,RAISEREG,BANDAVAIL10,5,1790,14000.0,0.0
1791,CALL_B_1,ENERGY,BANDAVAIL10,35,1791,13238.4,0.0
1792,CALL_B_1,LOWER6SEC,BANDAVAIL10,15,1792,14000.0,0.0
1793,POAT220,LOWERREG,BANDAVAIL10,77,1793,13800.0,0.0
1794,POAT220,ENERGY,BANDAVAIL10,77,1794,12028.47,0.0
1795,POAT220,LOWER5MIN,BANDAVAIL10,80,1795,13800.0,0.0
1796,POAT220,LOWER60SEC,BANDAVAIL10,70,1796,13800.0,0.0
1797,POAT220,LOWER6SEC,BANDAVAIL10,6,1797,13800.0,0.0
1798,POAT220,RAISE60SEC,BANDAVAIL10,80,1798,13800.0,0.0
1799,PPCCGT,ENERGY,BANDAVAIL10,250,1799,14012.6,0.0
1800,BDL01,ENERGY,BANDAVAIL10,47,1800,14041.04,0.0
1801,TREVALLN,ENERGY,BANDAVAIL10,85,1801,12025.96,0.0
1802,UPPTUMUT,ENERGY,BANDAVAIL10,665,1802,13918.21,0.0
1803,UPPTUMUT,LOWER5MIN,BANDAVAIL10,250,1803,14000.0,0.0
1804,UPPTUMUT,LOWERREG,BANDAVAIL10,250,1804,14000.0,0.0
1805,UPPTUMUT,RAISE5MIN,BANDAVAIL10,250,1805,14000.0,0.0
1806,UPPTUMUT,RAISEREG,BANDAVAIL10,250,1806,14000.0,0.0
1807,URANQ12,ENERGY,BANDAVAIL10,166,1807,13007.4,0.0
1808,URANQ14,ENERGY,BANDAVAIL10,166,1808,13007.4,0.0
1809,VP5,ENERGY,BANDAVAIL10,50,1809,13597.14,0.0
1810,VP5,LOWER60SEC,BANDAVAIL10,50,1810,13800.0,0.0
1811,VP5,LOWER6SEC,BANDAVAIL10,10,1811,13800.0,0.0
1812,VP5,LOWERREG,BANDAVAIL10,5,1812,13800.0,0.0
1813,VP5,RAISEREG,BANDAVAIL10,10,1813,13800.0,0.0
1814,VP6,ENERGY,BANDAVAIL10,20,1814,13597.14,0.0
1815,VP6,LOWER60SEC,BANDAVAIL10,50,1815,13800.0,0.0
1816,VP6,LOWER6SEC,BANDAVAIL10,10,1816,13800.0,0.0
1817,VP6,LOWERREG,BANDAVAIL10,5,1817,13800.0,0.0
1818,VP6,RAISEREG,BANDAVAIL10,10,1818,13800.0,0.0
1819,VPGS1,ENERGY,BANDAVAIL10,60,1819,13612.2,0.0
1820,VPGS3,ENERGY,BANDAVAIL10,60,1820,13612.2,0.0
1821,VPGS4,ENERGY,BANDAVAIL10,60,1821,13612.2,0.0
1822,VPGS5,ENERGY,BANDAVAIL10,60,1822,13612.2,0.0
1823,VPGS6,ENERGY,BANDAVAIL10,60,1823,13612.2,0.0
1824,W/HOE#1,ENERGY,BANDAVAIL10,312,1824,13862.8,0.0
1825,W/HOE#1,RAISE5MIN,BANDAVAIL10,55,1825,14000.0,0.0
1826,W/HOE#2,ENERGY,BANDAVAIL10,312,1826,13862.8,0.0
1827,WKIEWA1,ENERGY,BANDAVAIL10,34,1827,13935.99,0.0
1828,WKIEWA1,LOWER60SEC,BANDAVAIL10,16,1828,14000.0,0.0
1829,WKIEWA1,LOWER6SEC,BANDAVAIL10,7,1829,14000.0,0.0
1830,WKIEWA2,ENERGY,BANDAVAIL10,34,1830,13935.98,0.0
1831,WKIEWA2,LOWER60SEC,BANDAVAIL10,16,1831,14000.0,0.0
1832,WKIEWA2,LOWER6SEC,BANDAVAIL10,7,1832,14000.0,0.0
1833,YABULU2,ENERGY,BANDAVAIL10,2,1833,13777.76,0.0
1834,YARWUN_1,ENERGY,BANDAVAIL10,15,1834,9667.0,0.0
1835,YWPS1,ENERGY,BANDAVAIL10,15,1835,12306.94,0.0
1836,YWPS1,RAISE5MIN,BANDAVAIL10,5,1836,12400.4,0.0
1837,YWPS1,RAISE60SEC,BANDAVAIL10,5,1837,11999.0,0.0
1838,YWPS1,RAISE6SEC,BANDAVAIL10,5,1838,12299.0,0.0
1839,YWPS2,ENERGY,BANDAVAIL10,15,1839,13100.37,0.0
1840,YWPS2,RAISE5MIN,BANDAVAIL10,5,1840,12400.4,0.0
1841,YWPS2,RAISE60SEC,BANDAVAIL10,5,1841,11999.0,0.0
1842,YWPS2,RAISE6SEC,BANDAVAIL10,5,1842,12299.0,0.0
1843,YWPS3,ENERGY,BANDAVAIL10,9,1843,13100.37,0.0
1844,YWPS3,RAISE60SEC,BANDAVAIL10,10,1844,11999.0,0.0
1845,YWPS3,RAISE6SEC,BANDAVAIL10,10,1845,12299.0,0.0
1846,YWPS4,ENERGY,BANDAVAIL10,9,1846,13100.37,0.0
1847,YWPS4,LOWER5MIN,BANDAVAIL10,5,1847,8999.99,0.0
1848,YWPS4,RAISE60SEC,BANDAVAIL10,10,1848,11999.0,0.0
1849,YWPS4,RAISE6SEC,BANDAVAIL10,10,1849,12299.0,0.0
1850,YWPS4,RAISEREG,BANDAVAIL10,5,1850,11900.0,0.0
1851,BLNKTAS,ENERGY,BANDAVAIL1,0,2718,-968.4,0.0
1852,BLNKVIC,ENERGY,BANDAVAIL1,0,2719,-1000.0,0.0
1853,BLNKTAS,ENERGY,BANDAVAIL2,0,2720,-299.99,0.0
1854,BLNKVIC,ENERGY,BANDAVAIL2,0,2721,-300.0,0.0
1855,BLNKTAS,ENERGY,BANDAVAIL3,0,2722,-49.99,0.0
1856,BLNKVIC,ENERGY,BANDAVAIL3,0,2723,-50.0,0.0
1857,BLNKTAS,ENERGY,BANDAVAIL4,594,2724,0.01,0.0
1858,BLNKVIC,ENERGY,BANDAVAIL4,478,2725,0.0,461.30091
1859,BLNKTAS,ENERGY,BANDAVAIL5,0,2726,50.01,0.0
1860,BLNKVIC,ENERGY,BANDAVAIL5,0,2727,50.0,0.0
1861,BLNKTAS,ENERGY,BANDAVAIL6,0,2728,100.01,0.0
1862,BLNKVIC,ENERGY,BANDAVAIL6,0,2729,100.0,0.0
1863,BLNKTAS,ENERGY,BANDAVAIL7,0,2730,300.01,0.0
1864,BLNKVIC,ENERGY,BANDAVAIL7,0,2731,300.0,0.0
1865,BLNKTAS,ENERGY,BANDAVAIL8,0,2732,1000.01,0.0
1866,BLNKVIC,ENERGY,BANDAVAIL8,0,2733,1000.0,0.0
1867,BLNKTAS,ENERGY,BANDAVAIL9,0,2734,5000.01,0.0
1868,BLNKVIC,ENERGY,BANDAVAIL9,0,2735,5000.0,0.0
1869,BLNKTAS,ENERGY,BANDAVAIL10,0,2736,13500.0,0.0
1870,BLNKVIC,ENERGY,BANDAVAIL10,0,2737,13500.0,0.0
